acc_x, acc_y, angular_z, stamp, 
0.023550212383270264, -0.014865994453430176, 2.3362788790260726e-06, 1707435793428946241, 
0.019916296005249023, -0.007699131965637207, 4.1004829365693695e-06, 1707435793436213988, 
0.00018346309661865234, -0.01837337017059326, 2.974673469949089e-06, 1707435793446232294, 
-0.0034508705139160156, -0.016558825969696045, 2.876345391259428e-06, 1707435793456593058, 
-0.003394901752471924, -0.011007070541381836, -1.250069669621992e-10, 1707435793466164295, 
0.014476656913757324, 0.0033348798751831055, -1.1176928534776046e-10, 1707435793477283794, 
0.0036722421646118164, -0.005574703216552734, -1.3688339887671426e-10, 1707435793486243849, 
-0.01609724760055542, -0.010896503925323486, -1.2670381427090326e-10, 1707435793496334973, 
0.021585702896118164, 0.02337193489074707, -2.478738232827966e-10, 1707435793516193648, 
0.007167458534240723, -0.01428920030593872, -1.1547287689802869e-10, 1707435793526216507, 
0.01066434383392334, 0.007256805896759033, 2.9601389176288007e-06, 1707435793536284023, 
-0.00912785530090332, -0.0034638643264770508, 3.0058194152884582e-06, 1707435793546198540, 
0.0052086710929870605, -0.010569155216217041, -8.105497350982223e-11, 1707435793557663548, 
0.028470337390899658, 0.032539427280426025, -8.612476401025048e-11, 1707435793566412923, 
-0.0057718753814697266, 0.018082737922668457, -7.266934436683942e-11, 1707435793576234733, 
0.012091279029846191, 0.014428138732910156, -4.2447752006962826e-11, 1707435793588747740, 
0.02271568775177002, 0.03224295377731323, 4.0018380592046225e-06, 1707435793596194780, 
0.006528496742248535, -0.010796844959259033, 2.95382949273837e-06, 1707435793606284077, 
0.011744797229766846, -0.005532741546630859, -7.346619643611267e-12, 1707435793616241544, 
0.013423740863800049, -0.00016951560974121094, 3.329157801796101e-12, 1707435793626178377, 
0.0025056004524230957, -0.014582216739654541, 7.327088974166314e-12, 1707435793637204995, 
-0.017381489276885986, -0.009256899356842041, 1.3915455361271186e-11, 1707435793646197774, 
-0.021017491817474365, -0.00026851892471313477, 2.9690399530208928e-06, 1707435793656235558, 
-0.006762146949768066, 0.019235730171203613, 7.016306542433983e-11, 1707435793686209935, 
0.016490161418914795, 0.01903247833251953, 1.6123149507469345e-11, 1707435793696195645, 
-0.019475579261779785, 0.006286919116973877, 1.1518299671378763e-11, 1707435793706178037, 
0.020027518272399902, -0.01714956760406494, 1.4716110698937382e-11, 1707435793726188843, 
0.002011716365814209, -0.004644215106964111, 2.0553627511386135e-12, 1707435793736199406, 
0.007338285446166992, 0.01322793960571289, -4.554779864450378e-12, 1707435793756234431, 
0.00359421968460083, -0.008525967597961426, -6.78850380776552e-12, 1707435793766361544, 
-0.00531005859375, 0.014917194843292236, -1.1372783571105505e-11, 1707435793776231935, 
-0.00722956657409668, 0.03620755672454834, -2.0704475946888183e-11, 1707435793786218470, 
0.014403879642486572, 0.002147972583770752, -2.2671689484033482e-11, 1707435793797526064, 
-0.0019116401672363281, 8.33272933959961e-05, -4.202134679590533e-11, 1707435793806212622, 
0.007133662700653076, 0.01987290382385254, -4.4529128013513134e-11, 1707435793816205960, 
-0.012759625911712646, 0.014182746410369873, -3.949655107802958e-11, 1707435793829577215, 
0.008862197399139404, 0.005215823650360107, -4.4904159146743095e-06, 1707435793836214223, 
-0.00028705596923828125, 0.004884302616119385, -2.972036900215323e-06, 1707435793846242062, 
0.0034291744232177734, 0.012156486511230469, -2.9500459091351175e-06, 1707435793856344682, 
0.005117356777191162, 0.020876049995422363, -9.928538562015362e-11, 1707435793866211341, 
0.0014386773109436035, 0.0026922225952148438, -9.498029969021748e-11, 1707435793878234152, 
-0.009342432022094727, -0.013569533824920654, -1.6109440037141923e-10, 1707435793886238331, 
0.006764769554138184, 0.0006453990936279297, -1.3411943864372084e-10, 1707435793896323670, 
0.001373589038848877, -0.0030579566955566406, -1.5016281908048576e-06, 1707435793916174641, 
-0.016648530960083008, -0.01577538251876831, -1.5271711991089327e-10, 1707435793926462924, 
0.022860288619995117, -0.0032088160514831543, -1.6200289112445628e-10, 1707435793936209144, 
0.012022852897644043, 0.00032204389572143555, -1.7857244360676746e-10, 1707435793946212583, 
-0.014887750148773193, 0.016499698162078857, -2.7122008205507028e-06, 1707435793957201493, 
-0.007775783538818359, 0.025292038917541504, -3.3055865563386917e-06, 1707435793966217768, 
0.006594538688659668, 0.02519392967224121, -2.0439749198928345e-10, 1707435793976250209, 
0.015428483486175537, -0.009189784526824951, -1.9083414404750438e-10, 1707435793987893308, 
-0.006031692028045654, -0.0037175416946411133, -3.5829396168941904e-06, 1707435793996211748, 
-0.0007944703102111816, -0.0057716965675354, -2.954433035426013e-06, 1707435794006299887, 
-0.018646061420440674, 0.0032851696014404297, -2.4286500758252507e-10, 1707435794016302315, 
-0.007920384407043457, 0.02463555335998535, -2.493410864961841e-10, 1707435794026240233, 
-0.022218525409698486, 0.008393466472625732, -2.68277102969422e-06, 1707435794037349860, 
-0.020431339740753174, -0.007982254028320312, -2.575966361332416e-10, 1707435794046223988, 
0.0012467503547668457, -0.02052450180053711, -2.9739442357273684e-06, 1707435794056245852, 
-0.013052284717559814, 0.009823262691497803, -1.4923247787469263e-06, 1707435794076221144, 
0.010504662990570068, 0.008189916610717773, -2.959491586753557e-06, 1707435794086291742, 
-0.01647704839706421, -0.009977102279663086, -1.3579340499625354e-10, 1707435794096355551, 
0.008791029453277588, 0.016998291015625, -1.3733755712779474e-10, 1707435794106241145, 
0.0034232139587402344, -0.0010567307472229004, -2.698745178746341e-06, 1707435794117284622, 
-0.021614909172058105, -0.017201900482177734, -1.3145997201489984e-10, 1707435794126292038, 
-0.0017781257629394531, 0.004330754280090332, -2.918171303279898e-06, 1707435794136505013, 
-0.003542959690093994, 0.006029903888702393, -5.236060495943342e-11, 1707435794147884277, 
-0.010679006576538086, -0.006617426872253418, -3.5261617447382514e-06, 1707435794156336176, 
-0.006921231746673584, -0.004723668098449707, -2.990411681934276e-06, 1707435794166302188, 
0.012899994850158691, -0.0065209269523620605, 1.1763833009202332e-11, 1707435794176469170, 
-0.006773710250854492, 0.0024747848510742188, -3.0159976631291786e-06, 1707435794186350546, 
-0.00674062967300415, -0.008353352546691895, 2.1893414713317096e-11, 1707435794197692008, 
-0.013856172561645508, -0.004776418209075928, -3.495348240324822e-06, 1707435794206218146, 
-0.020930171012878418, 0.014966845512390137, 7.474500425851388e-11, 1707435794216270351, 
-0.00991678237915039, 0.022279024124145508, -2.4056658280985326e-06, 1707435794228658376, 
-0.01168757677078247, -0.010222554206848145, 1.4411059865756715e-10, 1707435794236455851, 
-0.03483176231384277, 0.007755458354949951, -3.0445790548803223e-06, 1707435794246243966, 
-0.0023168325424194336, 0.000574648380279541, 1.8636324673380497e-10, 1707435794256308610, 
-0.007596015930175781, -0.0013228654861450195, -2.9953014383345304e-06, 1707435794266257596, 
0.014095127582550049, 0.018396735191345215, 2.130845431396453e-10, 1707435794277377860, 
0.019565939903259277, -0.0032097697257995605, -3.371496006838873e-06, 1707435794286216579, 
-0.010820567607879639, -0.008555829524993896, 2.849245879192673e-10, 1707435794296201061, 
-0.0036219358444213867, -0.014068186283111572, -2.3904935528296e-06, 1707435794308666913, 
0.003729104995727539, -0.0013786554336547852, -3.946750786292921e-06, 1707435794316217328, 
-0.0033894777297973633, -0.003197014331817627, 3.139422032063323e-10, 1707435794326268072, 
0.018240809440612793, 0.009403645992279053, -2.987413138369943e-06, 1707435794336242999, 
-0.0033333897590637207, 0.007481515407562256, 3.069809371596157e-10, 1707435794346173064, 
0.005692780017852783, 0.005666792392730713, -2.6786800643788304e-06, 1707435794357297644, 
0.021857619285583496, 0.023561179637908936, 3.5309699185571103e-10, 1707435794366179327, 
-0.014033138751983643, -0.0016282200813293457, -2.9758465011729234e-06, 1707435794376193013, 
0.007609963417053223, -0.0033554434776306152, -2.3960769189550035e-06, 1707435794388629682, 
0.005733132362365723, 0.02518320083618164, 4.15111153544248e-10, 1707435794396196268, 
0.00934743881225586, -0.0017791390419006348, -2.972310425431369e-06, 1707435794406221818, 
-0.008605241775512695, 0.019689083099365234, 3.305889827133326e-10, 1707435794416293223, 
0.0021522045135498047, 0.006993532180786133, -2.993240805644748e-06, 1707435794426248638, 
-0.00863736867904663, -0.002109348773956299, -2.625646288090422e-06, 1707435794437597867, 
-0.003199756145477295, 0.01041632890701294, 3.983977846385289e-10, 1707435794446234073, 
0.02904564142227173, 0.0012648701667785645, -2.9090917448516064e-06, 1707435794456477424, 
0.0021806955337524414, -0.009427964687347412, 2.7175635944054903e-10, 1707435794468699378, 
0.018218278884887695, 0.0029703378677368164, -3.9654231183405635e-06, 1707435794476214164, 
0.0217856764793396, 0.019126594066619873, -2.96715487999163e-06, 1707435794486257214, 
0.023363590240478516, -0.02597719430923462, 2.6878327480442047e-10, 1707435794496310696, 
2.7894973754882812e-05, -0.024020373821258545, -3.0125097612291183e-06, 1707435794506202778, 
-0.03774005174636841, 0.01724141836166382, -2.578712755753477e-06, 1707435794517758882, 
-0.009149789810180664, 0.022386372089385986, 2.5071862479533206e-10, 1707435794526288815, 
-0.02518540620803833, -0.015204012393951416, -2.937044658374169e-06, 1707435794536435087, 
0.0016716718673706055, -0.013561248779296875, 1.9568047072643535e-10, 1707435794548585325, 
0.008881568908691406, -0.008134126663208008, -3.91401981491093e-06, 1707435794556199021, 
-0.0054430365562438965, 0.0026923418045043945, -2.9797631085472666e-06, 1707435794566199883, 
-0.0197904109954834, 0.0026640892028808594, 2.0547254321487923e-10, 1707435794576276269, 
-0.017918109893798828, 0.0008837580680847168, -2.995313252663496e-06, 1707435794586225144, 
-0.012484252452850342, 0.0008342862129211426, 2.0547987458624522e-10, 1707435794597314325, 
0.012771666049957275, 0.002706766128540039, -3.3564372866968656e-06, 1707435794606192770, 
-0.0016010403633117676, 0.00979006290435791, 2.340948857868108e-10, 1707435794616225016, 
0.0074193477630615234, 0.016934692859649658, -2.977641622820261e-06, 1707435794636239022, 
0.03261077404022217, -0.0009444952011108398, 2.2257397742097455e-10, 1707435794646265042, 
0.03779822587966919, 0.0024755001068115234, -2.9864007593177003e-06, 1707435794656243702, 
0.012670576572418213, -0.008126914501190186, 1.9928901661063064e-10, 1707435794666231208, 
-0.043211162090301514, -0.0047760009765625, -2.6281468641628646e-06, 1707435794677570249, 
-0.00176239013671875, 0.002649366855621338, 1.8637162936871064e-10, 1707435794686235766, 
-0.007274210453033447, -0.01185840368270874, -2.9766322632517965e-06, 1707435794696247292, 
-0.010746121406555176, -0.024207651615142822, 1.2412005794988273e-10, 1707435794709257636, 
0.003465890884399414, 0.01152348518371582, -4.27793875703179e-06, 1707435794716223788, 
0.0017409920692443848, 0.011646389961242676, 1.3767995613204213e-10, 1707435794726235043, 
0.010673999786376953, 0.004428207874298096, -2.968110785650469e-06, 1707435794736275390, 
-5.900859832763672e-05, 0.011690258979797363, 1.0777544010904487e-10, 1707435794746216168, 
0.007025718688964844, -0.0045830607414245605, -2.684765464250254e-06, 1707435794757316310, 
-0.005498826503753662, -0.022419989109039307, 1.1341370386539009e-10, 1707435794766171140, 
-0.005510091781616211, -0.00443035364151001, -2.9662837923771367e-06, 1707435794776217801, 
0.0016096830368041992, 0.008081972599029541, 7.307212734129676e-11, 1707435794788938201, 
0.0016567707061767578, -0.01872915029525757, 1.2168403901030654e-10, 1707435794796194418, 
-0.007405698299407959, -0.0026375651359558105, -2.9255909809247528e-06, 1707435794806380868, 
-0.016289353370666504, -0.013247251510620117, 7.994986400065496e-11, 1707435794816250685, 
0.007044553756713867, -0.02755725383758545, 7.264580887862818e-11, 1707435794826218844, 
0.005234956741333008, -0.016689598560333252, -2.53264991679302e-06, 1707435794837985802, 
0.01245582103729248, -0.009309530258178711, 8.05384877630898e-11, 1707435794846222519, 
-0.010873973369598389, 0.02312290668487549, 6.107477404797351e-11, 1707435794856232783, 
-0.009107053279876709, 0.012335717678070068, -2.3503565231317923e-06, 1707435794868912487, 
-0.005434095859527588, 0.008864820003509521, 6.526628857465492e-11, 1707435794876218357, 
0.023265480995178223, -0.028811156749725342, 4.310211474060353e-11, 1707435794886256022, 
0.01057511568069458, -0.016272544860839844, 4.39306935424751e-11, 1707435794896326033, 
-0.003718078136444092, 0.01984703540802002, -3.0111554493189394e-06, 1707435794906223203, 
0.005128920078277588, 0.007164061069488525, 2.864080672417794e-11, 1707435794917677623, 
0.008776068687438965, -0.014193177223205566, 2.958233352242154e-11, 1707435794926229480, 
0.0014994144439697266, 0.00015270709991455078, 2.294341759022007e-11, 1707435794936222596, 
0.005083918571472168, -0.010505974292755127, 1.610306205769511e-11, 1707435794948907184, 
-0.012893319129943848, -0.0086289644241333, 1.9490084399837183e-11, 1707435794956230438, 
-0.02367377281188965, 0.023705780506134033, 1.6318223632561503e-11, 1707435794966248903, 
-0.00922781229019165, 0.004044950008392334, 1.4905984281123592e-11, 1707435794976497131, 
-0.005668938159942627, -0.003209531307220459, 1.4461259961699057e-11, 1707435794986220968, 
-0.00022011995315551758, -0.006724894046783447, 1.53102258471194e-11, 1707435794997847159, 
-0.009142637252807617, 0.0023064017295837402, 1.6679217170337492e-11, 1707435795006187150, 
-0.005460202693939209, -0.01374971866607666, 1.3970270625384855e-11, 1707435795016318305, 
0.03936368227005005, -0.003018021583557129, 2.3238156504203555e-11, 1707435795036255486, 
-0.005601048469543457, 0.0005102157592773438, -2.954045195343517e-06, 1707435795046344098, 
0.008867800235748291, -0.029809653759002686, 6.748703508196166e-12, 1707435795056395858, 
0.012377321720123291, -0.004686951637268066, 5.820040362878911e-12, 1707435795066223689, 
0.003376305103302002, 0.0115281343460083, 3.884093315188529e-12, 1707435795077263106, 
-0.0002066493034362793, 0.002630889415740967, 2.371975337840067e-12, 1707435795086239541, 
-0.020005345344543457, -0.009965479373931885, 1.582839164234154e-12, 1707435795096225213, 
0.005151867866516113, -0.0009215474128723145, 1.2021241429795812e-13, 1707435795109291112, 
-0.005621373653411865, 0.0009087324142456055, -1.4902849754949644e-12, 1707435795116265344, 
0.0016286969184875488, 0.03152114152908325, -5.499552954421248e-13, 1707435795126259344, 
0.006965458393096924, 0.0134660005569458, 2.299906462082889e-13, 1707435795136577123, 
0.0016338229179382324, -0.00980144739151001, 3.2965797868481884e-13, 1707435795146245411, 
0.01945120096206665, -0.020713448524475098, 2.6722647560579458e-14, 1707435795157784201, 
-0.0182153582572937, 0.0027336478233337402, -2.4289721399502057e-13, 1707435795166211524, 
-0.027144968509674072, -0.004406929016113281, -5.537478726139513e-13, 1707435795176234581, 
0.00877082347869873, -0.03311276435852051, -2.2088660191244345e-12, 1707435795188903680, 
0.02850574254989624, -0.011476337909698486, -5.5225075678878145e-12, 1707435795196230187, 
0.02484971284866333, 0.0011622905731201172, -4.254091170768043e-12, 1707435795206244468, 
-0.00568312406539917, -0.013051450252532959, -2.2163609447108575e-12, 1707435795216265639, 
-0.018348097801208496, -0.032790303230285645, -5.3533374606338725e-12, 1707435795226231002, 
-0.02722465991973877, -0.0038149356842041016, -8.622656825480811e-12, 1707435795237339443, 
-0.03261733055114746, 0.0123366117477417, -8.477488418199549e-12, 1707435795246201943, 
0.001599431037902832, 0.00885993242263794, -1.5634629725448976e-11, 1707435795256254715, 
-0.005552172660827637, 0.007073938846588135, 2.3549145617095518e-06, 1707435795268909984, 
0.00714421272277832, 0.01439666748046875, 4.064795970482489e-06, 1707435795276241735, 
0.0017426609992980957, -2.485513687133789e-05, -2.5442075931216692e-11, 1707435795286255724, 
-0.016080379486083984, -0.005271553993225098, -3.469640821088782e-11, 1707435795296241591, 
-0.003462493419647217, -0.001672506332397461, -3.9556131224209366e-11, 1707435795306341922, 
0.005505502223968506, 0.0036498308181762695, -3.6480759789115775e-11, 1707435795317354922, 
-0.014081895351409912, 0.0020215511322021484, -6.112935705590519e-11, 1707435795326277363, 
0.00562131404876709, 0.0018813610076904297, -5.908631635228352e-11, 1707435795336248274, 
-0.004947245121002197, -0.014118790626525879, -1.255378829791344e-10, 1707435795356342743, 
-0.006685972213745117, -0.01408475637435913, -8.113278984953943e-11, 1707435795366247357, 
-0.006645321846008301, -0.005097746849060059, 2.9625906015267633e-06, 1707435795376306622, 
-0.024435997009277344, 0.018369734287261963, 2.927280967661112e-06, 1707435795386487162, 
-0.015315890312194824, 0.032740652561187744, -1.0198229362279123e-10, 1707435795397294637, 
0.006398975849151611, 0.0022666454315185547, -1.2412308175305018e-10, 1707435795406259305, 
0.03154802322387695, 0.02369588613510132, -1.0896196779671166e-10, 1707435795416238758, 
-0.002550065517425537, 0.00026148557662963867, -8.716201228072499e-11, 1707435795428994219, 
-0.009634792804718018, -0.02483952045440674, -1.4038528229117285e-10, 1707435795436311519, 
0.02447032928466797, -0.021285831928253174, -1.1290083828975874e-10, 1707435795446319278, 
0.013778269290924072, -0.01573050022125244, -1.1575473399372897e-10, 1707435795456324470, 
0.013622403144836426, 0.012833118438720703, -1.0585875328067821e-10, 1707435795466301429, 
0.0208585262298584, 0.029122114181518555, -9.219736929430069e-11, 1707435795477773275, 
-0.011512041091918945, -0.003240644931793213, -1.1660117342518651e-10, 1707435795486501792, 
-0.007088124752044678, -0.020336389541625977, 0.0, 1707435795496589927, 
-0.009008169174194336, 0.008471965789794922, 0.00029065170697894024, 1707435795508586651, 
0.012179851531982422, 0.02812778949737549, 0.0016195891569358123, 1707435795516296730, 
0.17352557182312012, -0.006086409091949463, -0.00036644086321725353, 1707435795526381572, 
0.5860286355018616, 0.01888585090637207, -0.003589210692640984, 1707435795536345633, 
0.9166806936264038, 0.07958322763442993, -0.01122819794622248, 1707435795546230258, 
1.0326361656188965, 0.0640484094619751, -0.015854426703354792, 1707435795557642166, 
0.6681411862373352, 0.13635379076004028, -0.0036528741365688387, 1707435795566213880, 
0.4272342324256897, 0.22292834520339966, 0.035327683318415126, 1707435795576241883, 
0.1902405023574829, 0.11032211780548096, 0.0674563283402337, 1707435795588646785, 
0.06004422903060913, -0.03149676322937012, 0.1565477654771053, 1707435795596220897, 
0.2458493709564209, -0.1993250846862793, 0.11595864174837392, 1707435795606264865, 
0.25109320878982544, -0.1777658462524414, 0.09129709268193452, 1707435795616315439, 
-0.10229283571243286, -0.006157517433166504, 0.06807062043153081, 1707435795626236401, 
-0.4053875803947449, 0.022509336471557617, 0.04277155857510965, 1707435795637378933, 
-0.5031156539916992, -0.06103932857513428, 0.04079805887859791, 1707435795646187916, 
-0.36361002922058105, -0.12008482217788696, 0.03243143127292796, 1707435795656479086, 
0.0364651083946228, 0.05662798881530762, 0.02735897967692878, 1707435795668707760, 
0.27129244804382324, 0.08547502756118774, 0.04247988152370355, 1707435795675193788, 
-0.06501626968383789, -0.04403942823410034, 0.015688183805131498, 1707435795686215603, 
-0.3231866955757141, -0.06172037124633789, 0.013778049546218942, 1707435795695209721, 
-0.3421374559402466, 0.051657021045684814, 0.013196909052615103, 1707435795706232666, 
-0.21991610527038574, 0.04819101095199585, 0.016505377549005256, 1707435795717375104, 
0.06619483232498169, -0.09253817796707153, 0.020748135275230936, 1707435795726252171, 
0.25035494565963745, -0.20590734481811523, 0.010305093385518655, 1707435795736366053, 
0.12128973007202148, 0.004532814025878906, 0.00014748957357492703, 1707435795748689970, 
-0.20077186822891235, 0.09956330060958862, -0.007628997704756377, 1707435795756248409, 
-0.04263341426849365, -0.03644818067550659, -0.009491058522600874, 1707435795766265340, 
0.48062998056411743, -0.1786521077156067, -0.020077735079905318, 1707435795776315935, 
0.5986459851264954, -0.20567727088928223, -0.0470346365507901, 1707435795786516033, 
0.31096071004867554, -0.08852165937423706, -0.06755487337644503, 1707435795797816706, 
0.18715763092041016, 0.15448886156082153, -0.09480776323360339, 1707435795806262843, 
0.003015577793121338, 0.1219436526298523, -0.06106890482737297, 1707435795816215830, 
0.08172428607940674, 0.05869758129119873, -0.036861317735089945, 1707435795836415107, 
0.16717493534088135, 0.17192673683166504, -0.025977765038399138, 1707435795846438411, 
0.07982850074768066, 0.16508972644805908, -0.01407071415627005, 1707435795856223524, 
-0.09843897819519043, -0.0032157301902770996, -0.0009139984216048828, 1707435795866200518, 
-0.1449006199836731, -0.05016666650772095, 0.010462942390229452, 1707435795877633901, 
-0.09011489152908325, 0.008767485618591309, 0.02083330995327656, 1707435795886209880, 
-0.031551241874694824, 0.019527316093444824, 0.017308053255210152, 1707435795896222638, 
-0.015503644943237305, 0.030557572841644287, 0.011456988288753609, 1707435795908979101, 
-0.09593319892883301, -0.027116775512695312, 0.014966676568331134, 1707435795916225283, 
-0.08766025304794312, 0.00033169984817504883, 0.00975727511569771, 1707435795926252897, 
0.05303823947906494, 0.03136163949966431, 0.011951336880739221, 1707435795936269780, 
0.09620529413223267, 0.013142585754394531, 0.014742232423501634, 1707435795946242026, 
0.1236565113067627, -0.006835818290710449, 0.019428216805907766, 1707435795957363284, 
-0.0034390687942504883, -0.022566795349121094, 0.033406062856828976, 1707435795966241739, 
-0.028504371643066406, -0.012189865112304688, 0.032175778251930694, 1707435795976276573, 
-0.0369492769241333, -0.014031529426574707, 0.02541497993493075, 1707435795989385370, 
-0.14948612451553345, -0.04618877172470093, 0.04920823340885167, 1707435795996263573, 
0.006375670433044434, -0.03015953302383423, 0.030608192457594875, 1707435796006286540, 
0.24222999811172485, -0.043149352073669434, 0.018247618803169698, 1707435796016363514, 
0.6451664566993713, -0.16136586666107178, -0.0030481526718650342, 1707435796026267787, 
1.120829701423645, -0.1361568570137024, -0.018573956927963847, 1707435796037723886, 
1.042961835861206, 0.022212564945220947, -0.033873928578408916, 1707435796046237527, 
0.7134811878204346, 0.03677022457122803, -0.03204905333580091, 1707435796056232034, 
0.459125280380249, 0.03751164674758911, -0.022201997715419856, 1707435796068943868, 
0.16953474283218384, 0.05165904760360718, -0.02240750977353512, 1707435796076224245, 
0.17701095342636108, 0.21139812469482422, -0.006025289070046918, 1707435796086258812, 
0.27846187353134155, 0.29503196477890015, -0.003313633806794604, 1707435796096416506, 
0.05840522050857544, 0.11899298429489136, 0.0019162050577618292, 1707435796106219224, 
-0.26209837198257446, -0.06316524744033813, 0.013636136502669975, 1707435796118078214, 
-0.24495333433151245, -0.008974611759185791, 0.034801323788620574, 1707435796126241553, 
-0.420470654964447, 0.03703242540359497, 0.03475286099680228, 1707435796136281872, 
-0.38952499628067017, -0.21067923307418823, 0.031470251448048894, 1707435796148941434, 
0.005125820636749268, -0.3039517402648926, 0.054671402737805914, 1707435796156243526, 
0.18371796607971191, -0.11429816484451294, 0.03283435178815745, 1707435796166264127, 
-0.15121424198150635, 0.10425299406051636, 0.022273545803684465, 1707435796176386256, 
-0.3562548756599426, 0.06093078851699829, 0.01412959891269467, 1707435796186280418, 
-0.21934574842453003, 0.04728400707244873, 0.006380037157013551, 1707435796197384174, 
-0.08375096321105957, 0.11369967460632324, -0.005678309221062043, 1707435796206443594, 
0.037477314472198486, 0.10123884677886963, -0.02370737516736165, 1707435796216265362, 
0.1387566328048706, -0.044979751110076904, -0.055217845967301664, 1707435796236249795, 
-0.25402069091796875, -0.0034562349319458008, -0.055763623613552665, 1707435796246399208, 
-0.20204371213912964, 0.019447028636932373, -0.04327208227023552, 1707435796256255439, 
0.11641687154769897, -0.1665705442428589, -0.02979983785907196, 1707435796266237194, 
0.7473198771476746, -0.30766111612319946, -0.016534805616304906, 1707435796277431758, 
1.2851232290267944, -0.03590536117553711, -0.007749170170225947, 1707435796286224132, 
1.1458150148391724, 0.2121233344078064, 0.004889395893855541, 1707435796296235074, 
0.7455382943153381, 0.12828850746154785, 0.005528154924876064, 1707435796309008577, 
0.6032984256744385, 0.09859859943389893, 0.006210960731740255, 1707435796316235110, 
0.560563325881958, 0.2202863097190857, 0.006177380906803255, 1707435796326250831, 
0.5133997201919556, 0.18512612581253052, 0.00031990132683404587, 1707435796336337600, 
0.3149198889732361, -0.10423767566680908, -0.017730197885749217, 1707435796345232228, 
-0.07867848873138428, -0.2233486771583557, -0.02095423520613987, 1707435796357401076, 
-0.14102649688720703, -0.12345504760742188, -0.035030701117052115, 1707435796366227468, 
-0.21738582849502563, -0.05378049612045288, -0.04046480514636492, 1707435796376255516, 
-0.3452914357185364, -0.038645386695861816, -0.0422794318614612, 1707435796388995012, 
-0.22270172834396362, -0.3041028380393982, -0.09160054719073285, 1707435796396252927, 
-0.03413963317871094, -0.27242928743362427, -0.07710513419899348, 1707435796406280377, 
-0.014009535312652588, -0.08499616384506226, -0.08366920024385491, 1707435796416425807, 
-0.21649926900863647, 0.049720585346221924, -0.08914296926986554, 1707435796426259874, 
-0.1787809133529663, 0.12259280681610107, -0.07928293669252309, 1707435796436852389, 
-0.46252548694610596, 0.2913597822189331, -0.07426689107339837, 1707435796446283323, 
-0.5742693543434143, 0.3867090940475464, -0.05308080961059979, 1707435796456231093, 
0.09825658798217773, 0.3209112286567688, -0.030755066526711387, 1707435796469021094, 
0.2856178879737854, 0.12018740177154541, -0.03449510574861217, 1707435796476235895, 
0.13933908939361572, -0.11147123575210571, -0.014766886357194349, 1707435796486268385, 
-0.05621117353439331, -0.07539188861846924, -0.013642733085753452, 1707435796496394601, 
-0.1570650339126587, -0.01661098003387451, -0.010212923072127173, 1707435796506256543, 
0.03648090362548828, 0.008660495281219482, 0.0015519181226691034, 1707435796517644430, 
0.12590867280960083, 0.06655746698379517, 0.03405663309019621, 1707435796526345259, 
0.5837264657020569, 0.19915956258773804, 0.07515763255931272, 1707435796536265633, 
0.8738487958908081, 0.3396140933036804, 0.11498918019912632, 1707435796556249367, 
0.811394989490509, 0.024330735206604004, 0.1118234087973745, 1707435796565636747, 
0.5752196311950684, -0.250904381275177, 0.07769810963567687, 1707435796575228193, 
0.48216545581817627, -0.16708660125732422, 0.04510035940514822, 1707435796585240422, 
0.2882179021835327, -0.15650445222854614, 0.02583630403243382, 1707435796595897682, 
0.2792295217514038, -0.2907739281654358, 0.018874779263092778, 1707435796606508284, 
-0.14923334121704102, -0.25703495740890503, 0.01707477859776681, 1707435796616297985, 
-0.3014689087867737, 0.20328599214553833, 0.011332470684518814, 1707435796636487297, 
-0.2661008834838867, 0.23485833406448364, 0.004148052021169229, 1707435796646285357, 
0.1137927770614624, -0.05424708127975464, 0.0003102668585590324, 1707435796656257234, 
0.13223224878311157, -0.08603662252426147, -0.0013885887078521676, 1707435796666256214, 
0.03126645088195801, 0.055416762828826904, -0.0003594245436838701, 1707435796677717938, 
-0.3199380040168762, 0.10036647319793701, -0.0004686373624758285, 1707435796686246981, 
-0.4183763861656189, -0.03141134977340698, -0.0013807282407190472, 1707435796696283471, 
-0.2025376558303833, -0.04810047149658203, -0.003539686444640655, 1707435796708997955, 
0.13067418336868286, 0.12598127126693726, -0.01578596557715312, 1707435796716268840, 
0.3822101354598999, 0.034411072731018066, -0.01847729153530039, 1707435796726294812, 
0.024246633052825928, -0.09708631038665771, -0.018660923479427733, 1707435796736287159, 
-0.11077392101287842, -0.08987545967102051, -0.014931000222440356, 1707435796746295941, 
-0.3892824053764343, 0.043687641620635986, -0.013079043754438911, 1707435796758089198, 
-0.05563759803771973, 0.03964132070541382, -0.022077170525451304, 1707435796766231079, 
0.5234721899032593, 0.08214730024337769, -0.01822723767542568, 1707435796776351838, 
1.3836030960083008, 0.11157900094985962, -0.011133193762024348, 1707435796788656572, 
1.5977764129638672, -0.0008243322372436523, -0.008890226777873282, 1707435796796316337, 
0.8122275471687317, 0.0419272780418396, 0.006020029859407168, 1707435796806287588, 
0.29811906814575195, 0.024016976356506348, 0.02534744334959653, 1707435796816298057, 
0.26473385095596313, -0.21701526641845703, 0.040021889707925896, 1707435796826557704, 
0.4985464811325073, -0.0542413592338562, 0.038025688481908536, 1707435796837368243, 
0.21455848217010498, 0.0907057523727417, 0.03289355889851727, 1707435796846396038, 
0.10167378187179565, 0.019425153732299805, 0.021734876369270788, 1707435796856330131, 
-0.2730294466018677, -0.0408167839050293, 0.016691144359986334, 1707435796869173409, 
-0.6016830801963806, 0.11854565143585205, 0.03668227551386459, 1707435796876330338, 
-0.5511221289634705, 0.08878159523010254, 0.02637807529891956, 1707435796886335972, 
-0.11778420209884644, 0.14600378274917603, 0.02292172028915068, 1707435796896295992, 
0.25612878799438477, 0.06602084636688232, 0.017610977959265053, 1707435796906268773, 
0.45571368932724, -0.06735104322433472, 0.010535429918785444, 1707435796917737840, 
0.014844417572021484, -0.056330084800720215, 0.012621295342982524, 1707435796926282393, 
-0.5556638836860657, -0.07780170440673828, 0.01089756984339683, 1707435796936529768, 
-0.4722047448158264, -0.004649162292480469, 0.005219666390677154, 1707435796948721771, 
-0.2884768843650818, 0.07312411069869995, -0.00550900549008526, 1707435796956251082, 
-0.3828303813934326, -0.0009096264839172363, -0.011351506029895863, 1707435796966310526, 
0.4087461829185486, -0.03680109977722168, -0.01631377552992869, 1707435796975257178, 
0.22300326824188232, 0.0354464054107666, -0.01614219676870896, 1707435796985352580, 
-0.25489431619644165, 0.024692535400390625, -0.011417038684073653, 1707435796997451101, 
-0.3377760648727417, 0.012093186378479004, -0.013074537284628996, 1707435797005233729, 
-0.322754442691803, 0.06238508224487305, -0.007031774041736089, 1707435797016494016, 
0.9814946055412292, 0.0648149847984314, 0.00020367815510539782, 1707435797027743445, 
1.7594913244247437, -0.05935138463973999, 0.013491307040450595, 1707435797036263741, 
1.5301002264022827, -0.07486182451248169, 0.01983772643792078, 1707435797046307542, 
0.3099081516265869, 0.004057705402374268, 0.026277819973532547, 1707435797056278811, 
-0.22167575359344482, -0.03201645612716675, 0.0257077978515569, 1707435797066244789, 
0.12054628133773804, -0.01773899793624878, 0.01777129846564333, 1707435797076870233, 
0.47729992866516113, 0.040613770484924316, 0.008879204873448445, 1707435797086288363, 
0.6860173344612122, 0.07484406232833862, 0.0003278990773700192, 1707435797096299211, 
0.0077155232429504395, 0.044182419776916504, -0.0032557706610096184, 1707435797108674405, 
-0.3084266781806946, -0.10290718078613281, -0.007412588231075157, 1707435797116393659, 
0.03730732202529907, -0.08777457475662231, -0.006388040979619457, 1707435797126304583, 
-0.06689006090164185, 0.08928585052490234, -0.013820024148032056, 1707435797136302819, 
0.026775240898132324, 0.019551396369934082, -0.02571692546355497, 1707435797146268501, 
-0.22068995237350464, 0.2240520715713501, -0.030510247161538624, 1707435797157649797, 
-0.5064116716384888, 0.2419913411140442, -0.04402925483414334, 1707435797166249515, 
-0.5240830779075623, -0.22176992893218994, -0.03271998282935769, 1707435797176315845, 
-0.2071932554244995, -0.38220077753067017, -0.01496282495722598, 1707435797188969337, 
0.14957940578460693, 0.002980053424835205, 0.0019005052123511263, 1707435797196274845, 
0.015292525291442871, 0.26287633180618286, 0.02265964115784944, 1707435797206288949, 
0.05586355924606323, -0.09482693672180176, 0.03758785992584112, 1707435797216275703, 
-0.2909051775932312, -0.15303820371627808, 0.04764494528429263, 1707435797226275316, 
-0.2300734519958496, 0.12002700567245483, 0.04793481247321233, 1707435797237773037, 
-0.028474628925323486, 0.4231826663017273, 0.06664159226544684, 1707435797245248876, 
-0.09596949815750122, 0.27912431955337524, 0.032239509577016594, 1707435797255263623, 
0.686201810836792, -0.0668344497680664, -0.003810420500408264, 1707435797276307090, 
1.2872456312179565, -0.20038771629333496, -0.04673449009462924, 1707435797285294251, 
1.185534119606018, -0.07730436325073242, -0.051952581351493624, 1707435797296309029, 
0.5738446712493896, -0.17169123888015747, -0.05317976343600845, 1707435797306280802, 
0.2730482220649719, -0.21183842420578003, -0.034677752470824504, 1707435797317389170, 
0.5124170780181885, -0.14333420991897583, -0.03702787772338556, 1707435797325303980, 
0.2996581196784973, 0.018313348293304443, -0.01794470239327468, 1707435797336466175, 
0.14483946561813354, 0.2351677417755127, -0.006694344994887507, 1707435797348696324, 
0.3698461651802063, 0.10003352165222168, -0.000890434572993439, 1707435797356321331, 
-0.2862963080406189, -0.06513911485671997, 0.0075209890598317885, 1707435797365297493, 
0.34319525957107544, 0.013070285320281982, 0.011777461093192798, 1707435797376300512, 
-0.05951893329620361, 0.18267017602920532, 0.01013281033315087, 1707435797386336080, 
-0.37782222032546997, 0.33500826358795166, 0.0055454757119533776, 1707435797396860580, 
-0.3688035011291504, -0.012837350368499756, 0.0013348608307834633, 1707435797405241869, 
-0.4297623038291931, -0.1681462526321411, -0.00030285329007033256, 1707435797416265277, 
0.11867493391036987, 0.01975327730178833, -0.00023041397083985212, 1707435797436260774, 
0.20443302392959595, -0.08492904901504517, -0.006125002664953434, 1707435797446341480, 
-0.2332891821861267, -0.38661473989486694, -0.005766263365226284, 1707435797456264749, 
-0.03913521766662598, -0.18800276517868042, -0.0022597095735332902, 1707435797465510781, 
-0.2742289900779724, 0.3133853077888489, -0.00330904755911518, 1707435797476486059, 
-0.471274197101593, 0.26593512296676636, -0.01075278516008466, 1707435797485252447, 
0.02629798650741577, -0.20667701959609985, -0.0074883247233300445, 1707435797496313821, 
0.07685458660125732, -0.20697784423828125, 0.002738283421808078, 1707435797509038725, 
0.6243038177490234, 0.1955103874206543, 0.01859366166140052, 1707435797516310797, 
0.416608989238739, 0.3217300772666931, 0.020928827264437146, 1707435797526314424, 
0.4477831721305847, 0.15241247415542603, 0.03214868562071197, 1707435797536315578, 
0.7261276841163635, -0.028089582920074463, 0.043472468642903064, 1707435797546308589, 
0.9711260795593262, 0.05924040079116821, 0.040939224659188596, 1707435797557449388, 
0.6278945803642273, -0.0697675347328186, 0.041271772764576296, 1707435797565259735, 
0.06380021572113037, -0.20095884799957275, 0.011294672732963898, 1707435797576311581, 
0.3834279775619507, -0.03171628713607788, -0.007141366365003187, 1707435797588016309, 
0.5997805595397949, 0.0486946702003479, -0.03515751756566939, 1707435797596322310, 
-0.0991826057434082, -0.06711971759796143, -0.04507245640459327, 1707435797605294581, 
-0.24802875518798828, -0.13189196586608887, -0.037176535413734196, 1707435797616310897, 
0.024329721927642822, -0.015493214130401611, -0.035511339580827264, 1707435797625277880, 
0.33355867862701416, -0.027318894863128662, -0.013429015560708307, 1707435797637461254, 
-0.2719336748123169, -0.23368453979492188, -0.008285232564977209, 1707435797646267270, 
-0.36155009269714355, -0.1223192811012268, -0.005542992137427338, 1707435797656525737, 
-0.08004629611968994, 0.32933253049850464, -0.0023656906746603737, 1707435797669037457, 
0.23224741220474243, 0.2884759306907654, 0.0010347984230240643, 1707435797676298123, 
0.14264225959777832, 0.09360593557357788, 0.0013329828560263346, 1707435797685279614, 
-0.2413662075996399, -0.20855402946472168, -0.005321084833380248, 1707435797695308090, 
-0.015585541725158691, 0.07966899871826172, -0.012419728838790419, 1707435797706551417, 
-0.34893327951431274, 0.35448920726776123, -0.022142401182661083, 1707435797717898598, 
-0.5151866674423218, 0.2318897843360901, -0.05309619747715143, 1707435797725299166, 
-0.2010505199432373, -0.22462958097457886, -0.040477145362913504, 1707435797736573255, 
0.11802405118942261, -0.10303837060928345, -0.030522816492116973, 1707435797749059639, 
0.2748849391937256, 0.12124180793762207, -0.0260717339616498, 1707435797756323578, 
0.0561596155166626, -0.12587237358093262, 0.006749326222730091, 1707435797765304346, 
0.35084646940231323, -0.4385170340538025, 0.03012818565068059, 1707435797776336669, 
0.5729540586471558, -0.009859979152679443, 0.052997895531902865, 1707435797786441974, 
0.6616978645324707, 0.3696898818016052, 0.052036936219383934, 1707435797797771373, 
0.7885618805885315, 0.06851470470428467, 0.0648672088551275, 1707435797806296551, 
0.9289107322692871, -0.10726583003997803, 0.05214881407496519, 1707435797816306120, 
0.7163161039352417, 0.18976396322250366, 0.03449566333216373, 1707435797836291582, 
-0.03061389923095703, 0.1766917109489441, 0.007878714455969611, 1707435797845376111, 
-0.06509393453598022, 0.005497932434082031, -0.0036184087496498978, 1707435797855292502, 
0.47003233432769775, 0.25256621837615967, -0.006714403643102919, 1707435797865332203, 
-0.637968897819519, -0.10795551538467407, -0.0006441158873325959, 1707435797876560784, 
-0.3212323784828186, -0.20941847562789917, 0.015753586803322096, 1707435797886295697, 
0.5820704698562622, -0.2070491909980774, 0.033957862385527886, 1707435797896308524, 
0.17510586977005005, -0.15740227699279785, 0.03751196270152562, 1707435797908751680, 
-0.3145373463630676, -0.028233110904693604, 0.07589440137043164, 1707435797915314268, 
-0.4052322506904602, -0.07050496339797974, 0.045879013600128575, 1707435797926297899, 
-0.4546542167663574, 0.02884352207183838, 0.05308497378549861, 1707435797935319808, 
-0.06617021560668945, 0.05148601531982422, 0.03683018612219259, 1707435797945286443, 
0.3421388864517212, 0.16047388315200806, 0.017241667068309062, 1707435797957759364, 
0.34337151050567627, 0.3074747920036316, 0.00630157652291497, 1707435797966307492, 
-0.3940882682800293, 0.6828164458274841, -0.009474816426537403, 1707435797976368501, 
-0.6666898131370544, -0.02390354871749878, -0.00864265226568564, 1707435797989087193, 
-0.3211783170700073, -0.5391250252723694, 0.002855606675743573, 1707435797996346770, 
-0.14000064134597778, -0.23116731643676758, 0.01782395181773833, 1707435798005316609, 
0.6913160085678101, 0.024870753288269043, 0.015286213469000267, 1707435798016324209, 
0.5182222127914429, -0.029023706912994385, 0.002118799164338298, 1707435798026338354, 
-0.04599356651306152, -0.14659380912780762, -0.013530723581829026, 1707435798037905098, 
-0.003711879253387451, 0.2744637131690979, -0.053602398329587964, 1707435798045299413, 
0.8503957390785217, 0.05393338203430176, -0.06653045165562749, 1707435798055332028, 
1.0142009258270264, -0.20926308631896973, -0.04928773098271287, 1707435798069173664, 
1.116628646850586, -0.11133074760437012, -0.07193096499741085, 1707435798076352003, 
0.9241902232170105, 0.22758334875106812, -0.044513195885123896, 1707435798085306151, 
0.15009915828704834, 0.21316486597061157, -0.026413960005410207, 1707435798096324905, 
-0.1552443504333496, -0.09744006395339966, -0.01522990095071057, 1707435798106282810, 
0.10158741474151611, -0.3491252064704895, 0.0021475692696920185, 1707435798117812754, 
0.21800130605697632, 0.3529723286628723, 0.021668039717530896, 1707435798126344072, 
-0.027627646923065186, 0.23639214038848877, 0.028583258111081696, 1707435798136355796, 
-0.20208168029785156, -0.12939870357513428, 0.02754309592155512, 1707435798149062217, 
-0.11897909641265869, -0.02205359935760498, 0.054907893808881, 1707435798156612698, 
-0.24638402462005615, 0.028453588485717773, 0.0470862566912693, 1707435798166548394, 
0.12467086315155029, 0.11969858407974243, 0.04463563369954192, 1707435798176522080, 
-0.05309528112411499, 0.10326755046844482, 0.033646612351873245, 1707435798186430030, 
-0.2061888575553894, 0.058274030685424805, 0.02226405063651203, 1707435798197548366, 
-0.30723559856414795, 0.011993348598480225, 0.025152554269396034, 1707435798206348319, 
-0.03601557016372681, -0.10509651899337769, 0.020938963371699086, 1707435798216427095, 
-0.07100450992584229, -0.09681999683380127, 0.016625268249658723, 1707435798228839576, 
-0.01652848720550537, 0.07609248161315918, 0.02317960619681019, 1707435798236372808, 
0.31045639514923096, -0.2782105803489685, 0.015212661467614772, 1707435798246350160, 
-0.33665329217910767, -0.1823553442955017, 0.019188001690398082, 1707435798255306973, 
-0.40568220615386963, 0.3713114857673645, 0.01717127404598025, 1707435798265313897, 
0.14213788509368896, 0.16996729373931885, 0.006679470355739544, 1707435798277561675, 
0.503216028213501, 0.10225540399551392, -0.0180269515048834, 1707435798286297913, 
1.3340121507644653, -0.10573053359985352, -0.042647479590594395, 1707435798296638419, 
1.2725491523742676, 0.011103510856628418, -0.04140082051840678, 1707435798308762251, 
-0.16460084915161133, 0.037117183208465576, -0.05032597286034679, 1707435798316425310, 
-0.05923360586166382, -0.01317065954208374, -0.033095049524417615, 1707435798325319072, 
0.6953303813934326, -0.24475741386413574, -0.016852084684514566, 1707435798336330334, 
0.22527986764907837, -0.4127957820892334, -0.007921316992543967, 1707435798345273042, 
0.9489216804504395, -0.025097548961639404, 0.003942892342925753, 1707435798357206777, 
0.2284092903137207, 0.18128734827041626, 0.012248025189223348, 1707435798366273934, 
0.29137617349624634, 0.28065264225006104, 0.001526831613023927, 1707435798375308031, 
-0.12463170289993286, 0.15917563438415527, -0.008117915405393555, 1707435798388844972, 
-0.23744803667068481, 0.13634532690048218, -0.023923858771083405, 1707435798396355529, 
0.10767388343811035, -0.15090984106063843, -0.024881249217410528, 1707435798405336464, 
-0.7597901225090027, -0.13123399019241333, -0.018474473562922072, 1707435798416517470, 
0.11705583333969116, -0.16595768928527832, -0.01860488676143217, 1707435798425334104, 
-0.32453203201293945, 0.17165595293045044, -0.015894761310562614, 1707435798437566136, 
-0.06942015886306763, 0.14291375875473022, -0.031983406169675585, 1707435798445316304, 
0.4355852007865906, -0.4255344867706299, -0.029636760613020043, 1707435798455369309, 
-0.19343912601470947, 0.08610117435455322, -0.027811321986875873, 1707435798468813164, 
-0.38230961561203003, 0.4507330060005188, -0.0697231027897192, 1707435798475345572, 
-0.3639930486679077, 0.08079749345779419, -0.05405583083399325, 1707435798485340371, 
-0.296708881855011, -0.10229986906051636, -0.05376965392857023, 1707435798496351281, 
0.2225630283355713, -0.2558555006980896, -0.06072194622576279, 1707435798505302946, 
0.6566755771636963, -0.2064133882522583, -0.032675673919231575, 1707435798517546206, 
-0.06999295949935913, 0.3864118456840515, -0.032968053109124776, 1707435798525311480, 
0.31939321756362915, 0.21006184816360474, -0.0014009701233691403, 1707435798536323469, 
0.344394326210022, -0.30765074491500854, 0.018346362371405602, 1707435798548056430, 
0.3749467730522156, 0.09036046266555786, 0.036387066380417186, 1707435798555311085, 
0.7646275162696838, 0.79372638463974, 0.01838995037356981, 1707435798565344660, 
0.602119505405426, 0.16695356369018555, -0.006035800154502274, 1707435798575325097, 
0.3938905596733093, -0.6310977935791016, -0.021477621630118827, 1707435798586335281, 
0.17243683338165283, -0.8802931308746338, -0.013334814875221618, 1707435798596525361, 
0.24084806442260742, 0.03479892015457153, -0.0009394940909023618, 1707435798606293533, 
-0.2563372254371643, 0.49414074420928955, -0.005612257395631654, 1707435798616571984, 
-0.3595198392868042, 0.007507443428039551, -0.022155486098659073, 1707435798636369872, 
0.2295268177986145, -0.036214351654052734, -0.03070420961485408, 1707435798646376599, 
0.13328450918197632, 0.3292052149772644, -0.04220353449736321, 1707435798655329415, 
-0.16379660367965698, 0.4291905164718628, -0.046920231213089504, 1707435798665325397, 
-0.3513638973236084, -0.2573997974395752, -0.03635877483543345, 1707435798677930152, 
-0.2606154680252075, -0.5279825329780579, -0.04426965290841346, 1707435798686341079, 
-0.20503193140029907, 0.3062369227409363, -0.026466921698223594, 1707435798696361443, 
0.19132697582244873, 0.29476094245910645, -0.014338679887332015, 1707435798708165103, 
0.1476185917854309, 0.13368231058120728, -0.02520704796188956, 1707435798715327588, 
-0.1250767707824707, -0.5629565715789795, -0.015958498946332493, 1707435798725353535, 
-0.3301595449447632, -0.25873011350631714, -0.00744275876984187, 1707435798735344734, 
-0.025836408138275146, 0.4987739324569702, -0.015457025963749696, 1707435798745287637, 
0.04823404550552368, -0.1162940263748169, -0.02679948490153553, 1707435798756550065, 
0.09889966249465942, -0.12224376201629639, -0.04600211802715859, 1707435798765304909, 
0.564139723777771, -0.2708060145378113, -0.046246476059097624, 1707435798776357225, 
0.3276255130767822, -0.04551798105239868, -0.03929101504729495, 1707435798789146374, 
0.01838892698287964, 0.4342058300971985, -0.06859881400545902, 1707435798796336900, 
-0.37618911266326904, -0.2822985053062439, -0.055884102764643145, 1707435798805348979, 
-0.049246132373809814, -0.3676121234893799, -0.051998451562270336, 1707435798815320696, 
0.018738627433776855, 0.4053366780281067, -0.06153105102765116, 1707435798826332650, 
0.38505375385284424, -0.07425618171691895, -0.07179764234216464, 1707435798836785411, 
0.8844636678695679, 0.3470146059989929, -0.06670820679621216, 1707435798846316680, 
0.5068008899688721, -0.3194577693939209, -0.04173034521839012, 1707435798856362714, 
-0.41025352478027344, -0.37454134225845337, -0.015323361370462283, 1707435798868129254, 
0.17109858989715576, 0.4920421838760376, -0.021339896180596937, 1707435798876372682, 
-0.2792906165122986, -0.19893884658813477, -0.02601036538715011, 1707435798885390573, 
-0.09916460514068604, -0.12088078260421753, -0.022818491271314544, 1707435798896386444, 
-0.23910647630691528, 0.15904676914215088, -0.04525821876867064, 1707435798905343128, 
-0.2900046110153198, -0.24947082996368408, -0.036015457108808505, 1707435798918074792, 
0.21757400035858154, 1.0126184225082397, -0.07206004508518109, 1707435798926353060, 
-0.2283024787902832, -0.45367908477783203, -0.08003774889919833, 1707435798936476334, 
0.2549327611923218, -0.6705191731452942, -0.0664224316268933, 1707435798948129422, 
-0.06178385019302368, 0.43339669704437256, -0.10979923251448985, 1707435798955331687, 
-0.07275038957595825, -0.5154573321342468, -0.06958645336224563, 1707435798966327217, 
-0.09295618534088135, 0.38638317584991455, -0.08245966075681024, 1707435798975335167, 
-0.2837095260620117, -0.14111006259918213, -0.08191326747012814, 1707435798985574174, 
0.241901695728302, -0.7196131944656372, -0.06780413231645761, 1707435798997227138, 
-0.11532580852508545, 0.9916049242019653, -0.11752675906081986, 1707435799005304817, 
-0.0480421781539917, -0.33583372831344604, -0.10946471967213689, 1707435799015533253, 
0.43455010652542114, -0.16778868436813354, -0.10345644211153737, 1707435799035341622, 
0.0018903613090515137, -0.5842366814613342, -0.0650016551032966, 1707435799046378940, 
-0.2198314070701599, 0.8411515951156616, -0.06452185622016475, 1707435799055350045, 
-0.12998735904693604, -0.4004068970680237, -0.06940215466623516, 1707435799065347074, 
-0.48193585872650146, -0.2919709086418152, -0.05760932260714495, 1707435799076570423, 
0.0998239517211914, 1.1119918823242188, -0.08623320718891526, 1707435799085346721, 
-0.42190515995025635, -0.22159141302108765, -0.08451534660471177, 1707435799095356536, 
0.48170971870422363, -0.12275397777557373, -0.05620894727096729, 1707435799109093590, 
0.5625265836715698, -0.4812350273132324, -0.0961548026275357, 1707435799116357967, 
0.03866225481033325, -0.19241780042648315, -0.052223639159873096, 1707435799125385671, 
0.013306260108947754, 0.7520633339881897, -0.04393047428904344, 1707435799136377235, 
-0.7855473756790161, -0.8196877837181091, -0.0691941400791823, 1707435799145347367, 
-0.19245868921279907, 0.043086111545562744, -0.05571858372343377, 1707435799156554438, 
0.010051846504211426, 0.6495044827461243, -0.08183417652443992, 1707435799166321121, 
0.22764062881469727, -0.05904620885848999, -0.10774631085359122, 1707435799175330929, 
0.274719774723053, 0.10248380899429321, -0.07432595873559465, 1707435799189121939, 
-0.4079175591468811, -0.6702367067337036, -0.1571253352584618, 1707435799195345770, 
0.148279070854187, 0.13806742429733276, -0.08636581283253773, 1707435799205367877, 
-0.2703661322593689, 0.44613218307495117, -0.0807131271370801, 1707435799216345392, 
0.02139812707901001, -0.5176851749420166, -0.09676235178173438, 1707435799225333284, 
0.09547674655914307, -0.3774140477180481, -0.06908371624712557, 1707435799236604164, 
0.1638471484184265, 0.009238243103027344, -0.09065294908435248, 1707435799245323282, 
0.29423004388809204, 0.2402641773223877, -0.08809308560332126, 1707435799255453359, 
-0.2835080623626709, 0.021411776542663574, -0.07135572808444338, 1707435799269170065, 
-0.17395234107971191, -0.3890545964241028, -0.12852908323388812, 1707435799276365551, 
-0.3576865792274475, 0.004170119762420654, -0.0939563900739995, 1707435799285372288, 
0.3759191632270813, 0.4006537199020386, -0.0841689103340084, 1707435799295376246, 
0.138086199760437, -0.14150595664978027, -0.0742695432043161, 1707435799305348467, 
0.223871111869812, -0.2689340114593506, -0.049910934520079366, 1707435799317974614, 
-0.008668482303619385, 0.04142946004867554, -0.07802338641461252, 1707435799325375652, 
-0.6259632110595703, -0.16638630628585815, -0.04823974438701452, 1707435799336569935, 
-0.04612720012664795, 0.010461270809173584, -0.050356941633744795, 1707435799349161308, 
-0.47328317165374756, 0.18286162614822388, -0.11479346717038823, 1707435799355373792, 
0.4538676142692566, -0.24911969900131226, -0.07259818374173459, 1707435799366378317, 
0.45336538553237915, 0.3003883957862854, -0.10310790486099908, 1707435799375377704, 
-0.052542805671691895, -0.12291544675827026, -0.08836732716983242, 1707435799385354924, 
0.1716076135635376, -0.024546563625335693, -0.06900629577716301, 1707435799397591651, 
-0.2963956594467163, 0.2410627007484436, -0.10858644211668082, 1707435799405367969, 
0.03024423122406006, -0.3436524271965027, -0.07035178397016631, 1707435799415388184, 
-0.22589945793151855, 0.14646542072296143, -0.05812475063823911, 1707435799436466013, 
0.2728281617164612, -0.28943121433258057, -0.04582368630113863, 1707435799446450377, 
0.38845402002334595, 0.3888571262359619, -0.05331803863680269, 1707435799456445583, 
0.16020488739013672, -0.22173529863357544, -0.05262137483336736, 1707435799466388299, 
-0.16396492719650269, -0.014057278633117676, -0.05148148907716537, 1707435799476872844, 
-0.39756375551223755, -0.5837652087211609, -0.07058629068828039, 1707435799486639586, 
0.2958505153656006, 0.43623220920562744, -0.0655155185663086, 1707435799496753611, 
-0.08897978067398071, -0.820912778377533, -0.08467366960295179, 1707435799516579392, 
0.38365644216537476, 0.4436190724372864, -0.08343000328759982, 1707435799526563015, 
-0.046104609966278076, -0.37057602405548096, -0.09171995763606042, 1707435799536755263, 
0.2609756588935852, 0.2049066424369812, -0.09073707750338082, 1707435799546423371, 
-0.16047078371047974, 0.513648271560669, -0.08301495500813375, 1707435799557564960, 
0.03282827138900757, -1.1647748947143555, -0.12357966937881114, 1707435799566346562, 
0.10145896673202515, 0.5591127872467041, -0.10575376167066254, 1707435799575399062, 
-0.3082892894744873, -0.6020886898040771, -0.10511362801508996, 1707435799596370055, 
0.006568491458892822, -0.148013174533844, -0.09817903729882048, 1707435799606635963, 
0.2909585237503052, -0.8178887367248535, -0.09626184038497207, 1707435799616557228, 
0.2123149037361145, 0.9757516980171204, -0.0728409794601564, 1707435799626306435, 
0.3844672441482544, 0.8877970576286316, -0.06409963361532167, 1707435799637238323, 
-0.30944424867630005, -0.9306039810180664, -0.09440173114040104, 1707435799646360173, 
-0.1881241798400879, -0.11347794532775879, -0.0722665836523326, 1707435799655544431, 
-0.23800957202911377, -0.00757831335067749, -0.04438324684157343, 1707435799668926571, 
-0.40339893102645874, 0.8172307014465332, -0.08932342124795535, 1707435799676332915, 
0.5423990488052368, 0.5603494644165039, -0.07640003930848906, 1707435799686378375, 
0.04387158155441284, -1.3881635665893555, -0.09526981953520909, 1707435799696335362, 
0.14252638816833496, -0.07359945774078369, -0.07673804133480525, 1707435799706352833, 
-0.03906989097595215, 0.6257359981536865, -0.05256324054846186, 1707435799717247023, 
0.08771675825119019, 0.1843685507774353, -0.06714609782562823, 1707435799726395670, 
-0.19182312488555908, -0.08153825998306274, -0.06116768344306585, 1707435799736618057, 
0.20825260877609253, 0.6220778226852417, -0.06303860507299111, 1707435799755407577, 
0.165297269821167, 0.7708700895309448, -0.0644436473802062, 1707435799766403687, 
0.23353725671768188, -0.47957944869995117, -0.08667867982936425, 1707435799776361725, 
-0.09576296806335449, -0.5643150210380554, -0.08904990759827404, 1707435799785401658, 
0.015749573707580566, -0.07892894744873047, -0.06071532732093435, 1707435799796567665, 
-0.02056419849395752, 0.5248939394950867, -0.06595894681895191, 1707435799806366647, 
0.14896529912948608, 0.3874166011810303, -0.07492231041053457, 1707435799816494672, 
-0.6463126540184021, -0.16007351875305176, -0.08846522223832035, 1707435799836415745, 
0.24311214685440063, 0.23478424549102783, -0.0797605549890161, 1707435799846379364, 
-0.20155960321426392, -0.06786984205245972, -0.09014661703551499, 1707435799855360254, 
0.19308769702911377, -0.17698687314987183, -0.07335000480640616, 1707435799866330569, 
0.12137758731842041, -0.20528775453567505, -0.07062966596123459, 1707435799877660150, 
-0.08224064111709595, 0.17697501182556152, -0.09155270914647812, 1707435799886352265, 
0.2859046459197998, 0.5071973204612732, -0.08706286015943941, 1707435799896358348, 
-0.018366336822509766, -0.04751026630401611, -0.10186168685354956, 1707435799915346336, 
-0.167244553565979, 0.18837261199951172, -0.09295086891299455, 1707435799925406179, 
-0.1384526491165161, 0.0552978515625, -0.08295437500761067, 1707435799935360011, 
0.10129719972610474, -0.3257704973220825, -0.06852842994411942, 1707435799945377085, 
-0.032650530338287354, -0.31038278341293335, -0.045320606421434026, 1707435799958005935, 
0.435200035572052, -0.1205514669418335, -0.05284429541603838, 1707435799966361345, 
0.04573410749435425, 0.6266034841537476, -0.043032090310207445, 1707435799976392735, 
-0.010069072246551514, 0.17471754550933838, -0.041710723837315555, 1707435799989188124, 
0.0410691499710083, -0.11716783046722412, -0.07780900903749223, 1707435799996389033, 
-0.06523287296295166, 0.11729800701141357, -0.06550239769157432, 1707435800006408062, 
-0.08564674854278564, -0.2901272773742676, -0.08387579405294908, 1707435800015376923, 
-0.20633649826049805, 0.08667916059494019, -0.07863228894467555, 1707435800025407427, 
0.08732759952545166, -0.19798171520233154, -0.08244866996156193, 1707435800035881510, 
-0.06908988952636719, -0.608735978603363, -0.07936236086475158, 1707435800046362521, 
0.1464298963546753, 0.6757062673568726, -0.0838825865881075, 1707435800056478246, 
0.16609221696853638, -0.11772972345352173, -0.0786478619283015, 1707435800067823360, 
0.010240614414215088, -0.05532127618789673, -0.11073511006816708, 1707435800075410415, 
-0.09121179580688477, 0.7330234050750732, -0.08948186532763426, 1707435800085448018, 
-0.33740103244781494, 0.13758635520935059, -0.08911238102262299, 1707435800095390389, 
-0.11293351650238037, 0.06811964511871338, -0.08211953652150289, 1707435800105378471, 
0.08157545328140259, -1.0325621366500854, -0.06852457661795745, 1707435800116636016, 
0.4253261685371399, -0.5745283365249634, -0.06254702649073382, 1707435800125402647, 
0.31989824771881104, 1.2721744775772095, -0.06103046721897545, 1707435800135371728, 
-0.16729748249053955, -0.10746848583221436, -0.0635305905780072, 1707435800148830265, 
0.23762720823287964, -0.10377651453018188, -0.13134438016796307, 1707435800155394624, 
-0.21727848052978516, -0.0012482404708862305, -0.07946025238180611, 1707435800166444446, 
-0.2638581395149231, -0.08492112159729004, -0.08852536288384052, 1707435800175421986, 
-0.2096889615058899, 0.7511650323867798, -0.07445172086850509, 1707435800185602975, 
-0.3975376486778259, -0.8048566579818726, -0.06833800382988846, 1707435800197697767, 
0.26268649101257324, -0.20382344722747803, -0.09745070142854582, 1707435800205409597, 
0.28133273124694824, 0.7361885905265808, -0.07904528097499451, 1707435800215600009, 
0.08821022510528564, -0.36908745765686035, -0.08121310903139094, 1707435800236448580, 
0.04487264156341553, -0.3365253210067749, -0.0852925812731732, 1707435800246474496, 
-0.1040005087852478, 0.12489616870880127, -0.08248161110443386, 1707435800256377600, 
0.046560466289520264, 0.8095749616622925, -0.09609926678101523, 1707435800265593066, 
0.035211145877838135, -0.6879903674125671, -0.06862049537634514, 1707435800277938921, 
0.12638169527053833, -0.17410391569137573, -0.07432084743648339, 1707435800285391814, 
0.25910913944244385, 0.30863237380981445, -0.045617581951257466, 1707435800295438599, 
-0.24262505769729614, -0.061795055866241455, -0.03223179178448661, 1707435800309171320, 
-0.11451137065887451, 0.22173452377319336, -0.07990724391940617, 1707435800315373672, 
-0.2170875072479248, -0.34347009658813477, -0.0567104953117332, 1707435800326450566, 
0.22681105136871338, 0.21699577569961548, -0.06861371221304632, 1707435800336389215, 
0.4619947075843811, 0.6560322046279907, -0.08898316198729564, 1707435800345376445, 
-0.14664292335510254, -0.4184301495552063, -0.06725388737026859, 1707435800357597322, 
-0.004165828227996826, -0.061346471309661865, -0.09262851409953785, 1707435800365383004, 
-0.35451579093933105, -0.2427240014076233, -0.06824806018545097, 1707435800375411675, 
-0.18667632341384888, -0.14563369750976562, -0.04754293076847283, 1707435800388799421, 
-0.16516780853271484, 0.45087122917175293, -0.11029757465820947, 1707435800395412115, 
0.03774541616439819, -0.1954665184020996, -0.08063806130118054, 1707435800406463095, 
0.35825830698013306, 0.23336905241012573, -0.09594132202376011, 1707435800416421080, 
0.19791913032531738, 0.25240933895111084, -0.11190360740481173, 1707435800425444561, 
0.03417080640792847, -0.14140403270721436, -0.07688203239698012, 1707435800437610596, 
-0.4514337182044983, 0.1728007197380066, -0.09630712007893887, 1707435800446427735, 
-0.28994429111480713, -0.44037479162216187, -0.07836574453641348, 1707435800456434176, 
0.1157693862915039, -0.19884419441223145, -0.051915122181668175, 1707435800469263047, 
0.23809486627578735, 0.09481340646743774, -0.10370973889174845, 1707435800475432721, 
0.007514834403991699, -0.1534942388534546, -0.05417278721364406, 1707435800486471576, 
-0.06985467672348022, 0.04793238639831543, -0.06021977802043318, 1707435800495424938, 
-0.034730494022369385, 0.3879585862159729, -0.057030795002333136, 1707435800505421623, 
0.020648300647735596, 0.334797203540802, -0.05209390571557211, 1707435800516650934, 
0.378486692905426, 0.0478665828704834, -0.06043715998954789, 1707435800525446234, 
0.2707440257072449, -0.3925386667251587, -0.04018217359623306, 1707435800536437836, 
0.14128559827804565, -0.07264012098312378, -0.02927157742720612, 1707435800549208359, 
0.05473184585571289, 0.3211032748222351, -0.0623747458079829, 1707435800556408662, 
-0.2948908805847168, 0.10591274499893188, -0.05992466062034513, 1707435800565418884, 
-0.018644332885742188, -0.40818077325820923, -0.05092382081584691, 1707435800576433687, 
-0.3323487639427185, 0.09163492918014526, -0.06832883591601129, 1707435800585650864, 
0.13223153352737427, 0.6623671650886536, -0.05947259500050283, 1707435800597569239, 
-0.31601130962371826, 0.5592427253723145, -0.08968832313670211, 1707435800606414944, 
-0.026617228984832764, -0.8657013177871704, -0.07709108108643825, 1707435800615447183, 
0.475627601146698, -1.0366042852401733, -0.04110704812156987, 1707435800635457630, 
-0.0025655627250671387, 0.6388055682182312, -0.04930121226938435, 1707435800645456426, 
-0.3364700675010681, -0.1833716630935669, -0.053207306855475534, 1707435800656404407, 
-0.30953460931777954, -0.38540416955947876, -0.07104556964052931, 1707435800665418257, 
0.25355440378189087, 0.06648516654968262, -0.06458117249389143, 1707435800676641607, 
0.17816251516342163, 1.059011459350586, -0.10377167242011641, 1707435800685419887, 
0.2375798225402832, 0.09188908338546753, -0.09424238417198266, 1707435800695426477, 
-0.12119561433792114, -1.1088305711746216, -0.05682802971690137, 1707435800708959199, 
0.13215166330337524, -0.4680400490760803, -0.09816162060101123, 1707435800715447071, 
-0.45378148555755615, 0.21691066026687622, -0.05621215738271602, 1707435800726478096, 
-0.32571107149124146, 0.8056745529174805, -0.08222000924273076, 1707435800735434036, 
0.1295250654220581, -0.09345579147338867, -0.08364939513800795, 1707435800745439395, 
-0.03366822004318237, -0.7948927879333496, -0.07101887134416303, 1707435800756565690, 
0.44551992416381836, 0.5344259142875671, -0.08146806273653695, 1707435800766475293, 
-0.320076048374176, 0.48074018955230713, -0.08343698670605887, 1707435800776474642, 
-0.1507490873336792, -0.06734609603881836, -0.06693762729721504, 1707435800788842044, 
-0.3988598585128784, -0.14102786779403687, -0.09957815857983783, 1707435800796499093, 
0.08208346366882324, -0.524091362953186, -0.057578946193473896, 1707435800806682464, 
0.22935736179351807, 0.3389164209365845, -0.06602890587042065, 1707435800815884062, 
0.12281924486160278, -0.5442262887954712, -0.06725979447043486, 1707435800826615147, 
-0.2646113634109497, -0.015419840812683105, -0.06453611838358615, 1707435800837636405, 
-0.17342376708984375, -0.14530730247497559, -0.07361631062519884, 1707435800846464104, 
0.04656541347503662, 0.4180493950843811, -0.05570874535304128, 1707435800856508817, 
0.10468041896820068, 0.24676513671875, -0.0482572019274423, 1707435800868834525, 
0.2545037865638733, -0.83795166015625, -0.07747770630502275, 1707435800876439267, 
0.25405359268188477, 0.2813869118690491, -0.04188113683298979, 1707435800886453708, 
0.147652268409729, 0.03800034523010254, -0.046276714962852926, 1707435800895448013, 
-0.5136251449584961, -0.08699166774749756, -0.04762782752731242, 1707435800905446277, 
-0.2608413100242615, 0.5548529624938965, -0.04831842743647391, 1707435800917068093, 
-0.3340985178947449, -0.3129456639289856, -0.07845258195086552, 1707435800926452668, 
0.2080865502357483, 0.6651183366775513, -0.09360235047856068, 1707435800935670739, 
0.36590462923049927, -0.21732568740844727, -0.07896067421284558, 1707435800948825934, 
-0.0850791335105896, -0.8687742948532104, -0.14168740576898214, 1707435800956430314, 
0.10548526048660278, 0.4984967112541199, -0.09595572504697464, 1707435800966453444, 
-0.3930922746658325, -0.264861524105072, -0.09605968382013208, 1707435800976412567, 
0.14318203926086426, -0.07667195796966553, -0.08755683467042039, 1707435800986424392, 
-0.24016034603118896, 0.04676926136016846, -0.07855548098923, 1707435800997979533, 
-0.02287602424621582, -0.5466257929801941, -0.11715711452365671, 1707435801006408192, 
0.48809707164764404, 0.8908572793006897, -0.11457608878873005, 1707435801015447054, 
-0.03556478023529053, -0.02547234296798706, -0.0983070481132198, 1707435801028046392, 
0.43815529346466064, -0.23638534545898438, -0.15421510068103686, 1707435801035456055, 
-0.0883670449256897, 0.31577688455581665, -0.09081017092512843, 1707435801045659217, 
-0.4065396785736084, -0.38759487867355347, -0.08641226979973297, 1707435801055421486, 
0.02654707431793213, 0.4903666377067566, -0.0683571078181833, 1707435801066410160, 
0.17217648029327393, -0.008061408996582031, -0.08194768717965041, 1707435801076634876, 
0.372708797454834, -0.37630701065063477, -0.09592945394266948, 1707435801085440704, 
-0.1882568597793579, 0.7833316326141357, -0.07836545704576418, 1707435801095476773, 
-0.5719518661499023, -0.032797157764434814, -0.06922274514158858, 1707435801108836843, 
-0.1670028567314148, -0.44757378101348877, -0.11123683978814833, 1707435801116513784, 
0.3544827103614807, -0.1337432861328125, -0.06961955073955323, 1707435801126463988, 
0.38934874534606934, -0.08786475658416748, -0.05389239363998171, 1707435801136449956, 
0.09945762157440186, 0.5324113965034485, -0.03549220637227644, 1707435801146676945, 
-0.26320332288742065, -0.41060739755630493, -0.041706724332068276, 1707435801158079556, 
-0.2263750433921814, -0.5596054196357727, -0.06483201132379615, 1707435801166411150, 
0.050413668155670166, 0.5779300332069397, -0.05552480502530834, 1707435801176427723, 
-0.3745829463005066, 0.49911773204803467, -0.06791722555923009, 1707435801187899067, 
0.07711976766586304, 0.1080625057220459, -0.11037080026587157, 1707435801196451677, 
0.4198383688926697, -0.2986856698989868, -0.10790317322208676, 1707435801206439888, 
0.17942184209823608, -0.3034653663635254, -0.11436431022190746, 1707435801216390078, 
-0.16342705488204956, 0.0344923734664917, -0.10120047258195876, 1707435801226436311, 
-0.6387472152709961, -0.224068284034729, -0.08627729777359279, 1707435801238096151, 
-0.3214496970176697, -0.39332473278045654, -0.12414605329224163, 1707435801246401651, 
-0.08750313520431519, 0.33512431383132935, -0.09831857217427802, 1707435801256704958, 
0.3473547697067261, 0.30117344856262207, -0.0890363342733363, 1707435801268813811, 
0.6663827300071716, -0.17481034994125366, -0.16192798942610603, 1707435801275446425, 
-0.5275548100471497, -0.041667640209198, -0.10581696448614661, 1707435801285471162, 
0.008563756942749023, -0.2870326042175293, -0.10560535806661658, 1707435801295452027, 
-0.11543792486190796, 0.3344944715499878, -0.09205553499524093, 1707435801306426064, 
-0.20983397960662842, 0.2623586654663086, -0.10069190323816705, 1707435801316662099, 
0.41062235832214355, -0.5054218173027039, -0.096504607962096, 1707435801326452870, 
0.07355082035064697, 0.24682694673538208, -0.07740952379099053, 1707435801336444340, 
0.062170445919036865, -0.20497792959213257, -0.06982123342227901, 1707435801356468342, 
-0.14309686422348022, 0.0018928050994873047, -0.07616773951046243, 1707435801365646023, 
-0.4095394015312195, -0.3187759518623352, -0.06717295035242628, 1707435801375481151, 
0.32001352310180664, 0.2911794185638428, -0.05765337366758441, 1707435801386478378, 
0.26068979501724243, 0.2632741928100586, -0.06657845670211432, 1707435801397607035, 
-0.01779770851135254, -0.3772803544998169, -0.08473584724594484, 1707435801406425844, 
0.17798477411270142, 0.07164430618286133, -0.07143599901937232, 1707435801416449336, 
-0.4570819139480591, -0.09520107507705688, -0.06846878180307739, 1707435801436409762, 
-0.10099571943283081, 0.5276809930801392, -0.06910555688577959, 1707435801446486273, 
0.492679238319397, -0.7385595440864563, -0.0652309478925851, 1707435801455439419, 
0.5540595650672913, 0.22182244062423706, -0.04441969748661794, 1707435801466449266, 
0.05852872133255005, -0.009295523166656494, -0.053400416354891775, 1707435801476950486, 
-0.035487234592437744, -0.2250959873199463, -0.0627218939515708, 1707435801486440398, 
-0.2940526604652405, 0.42713093757629395, -0.07112725833603693, 1707435801496456077, 
-0.39304524660110474, -0.4802265763282776, -0.07461381891474528, 1707435801506893292, 
-0.21007168292999268, 0.26013463735580444, -0.08164013468168417, 1707435801516429008, 
-0.1697351336479187, 0.31995606422424316, -0.09335298795396131, 1707435801526470618, 
0.05038732290267944, -0.7683541178703308, -0.11151942296192142, 1707435801535460606, 
0.822404146194458, 0.49731236696243286, -0.09941025009956155, 1707435801546426397, 
-0.1592940092086792, -0.17338228225708008, -0.11120620438769788, 1707435801557059889, 
-0.27217215299606323, 0.1655253767967224, -0.11683131251746001, 1707435801566456159, 
-0.0479809045791626, 0.2518070936203003, -0.1282253657201191, 1707435801575467115, 
-0.5323789715766907, -1.0018444061279297, -0.08089879203794728, 1707435801588949805, 
0.23606562614440918, 0.824442446231842, -0.13164855848113313, 1707435801596455179, 
-0.3286516070365906, 0.5436045527458191, -0.10377534130017674, 1707435801606465724, 
0.09016704559326172, -0.8773194551467896, -0.0790493749683948, 1707435801616435988, 
0.39507997035980225, -0.18370389938354492, -0.056771878697082494, 1707435801626457900, 
0.137864887714386, -0.20787549018859863, -0.042601745258716656, 1707435801637724916, 
0.5899066925048828, 0.8927186727523804, -0.050514453233157335, 1707435801646404622, 
-0.4497910737991333, 0.48265814781188965, -0.06901001594438769, 1707435801656623896, 
-0.1350163221359253, -0.8111971616744995, -0.060048015337780355, 1707435801668898508, 
-0.1016039252281189, 0.2262272834777832, -0.08051922813520987, 1707435801676454310, 
-0.1204293966293335, 0.28447383642196655, -0.069376621612161, 1707435801686447885, 
-0.12860888242721558, 0.12218654155731201, -0.06618506466473174, 1707435801696436068, 
-0.02249002456665039, -0.15270406007766724, -0.07346388459664378, 1707435801705435647, 
-0.02855139970779419, -0.5964057445526123, -0.05538070529361969, 1707435801716995907, 
0.020889759063720703, 0.46562427282333374, -0.055696869537791446, 1707435801726459576, 
0.5723694562911987, 0.4978296160697937, -0.07013609454440219, 1707435801735666119, 
-0.1410905122756958, -0.4020019769668579, -0.05545084494467931, 1707435801747891325, 
-0.14172476530075073, -0.5391474366188049, -0.07364612964164925, 1707435801755512523, 
-0.09809881448745728, -0.09943795204162598, -0.05652345379939031, 1707435801766478894, 
-0.07055467367172241, 0.6136432886123657, -0.07305892558809701, 1707435801776488501, 
-0.08072859048843384, 0.3882749676704407, -0.08306236237026106, 1707435801786759170, 
-0.1381167769432068, -0.5771469473838806, -0.08011658713671924, 1707435801797738361, 
0.09952002763748169, -0.39382368326187134, -0.07943171838874281, 1707435801806459660, 
-0.14827662706375122, 0.46094411611557007, -0.060332347725036845, 1707435801816720430, 
0.5390160083770752, 0.2630159258842468, -0.07901396808468336, 1707435801836475974, 
-0.5171664953231812, -0.2775847911834717, -0.0878295394532451, 1707435801846521313, 
-0.25758588314056396, -0.06615298986434937, -0.08496323403104192, 1707435801856443826, 
-0.05463355779647827, 0.4237593412399292, -0.08496101301820859, 1707435801866415877, 
0.2908298969268799, -0.10526764392852783, -0.06801989433460327, 1707435801878083471, 
0.05479174852371216, -0.7364577651023865, -0.07013044810332354, 1707435801886444819, 
-0.0060953497886657715, 0.001580655574798584, -0.04165797383865212, 1707435801896434473, 
-0.14580225944519043, 0.186231791973114, -0.03500758080476277, 1707435801907873817, 
0.2566758394241333, 0.4321039319038391, -0.06295475245560513, 1707435801916434715, 
0.050091445446014404, 0.22152918577194214, -0.06750036993933499, 1707435801926486277, 
-0.15061962604522705, -0.4277856945991516, -0.07689971407053289, 1707435801935438672, 
0.11417442560195923, 0.5501462817192078, -0.06604613769085284, 1707435801946435419, 
-0.3214699625968933, 0.068911612033844, -0.06502274181156441, 1707435801957741698, 
-0.13818812370300293, -0.48421710729599, -0.08043382684966534, 1707435801966434837, 
-0.1834772825241089, 0.18062782287597656, -0.06727923247026361, 1707435801976502774, 
0.05161237716674805, -0.214535653591156, -0.052452749038999734, 1707435801987888913, 
0.5935549736022949, 0.6763133406639099, -0.07069291080614523, 1707435801996482369, 
0.24186503887176514, -0.12703585624694824, -0.05821188542743567, 1707435802006471815, 
0.0286940336227417, -0.5130963921546936, -0.05020147900269444, 1707435802016465362, 
-0.01780170202255249, 0.721724271774292, -0.0597824098004246, 1707435802026458790, 
-0.32781416177749634, -0.3032841682434082, -0.05426569014062286, 1707435802037757849, 
0.09616214036941528, -0.18912577629089355, -0.07305955708225238, 1707435802046444051, 
-0.12618619203567505, 0.026653528213500977, -0.07664405919522803, 1707435802055498566, 
-0.0280301570892334, -0.5455718040466309, -0.04806942888415625, 1707435802068942184, 
-0.08903157711029053, 1.0175522565841675, -0.10089847446396213, 1707435802076508943, 
-0.051057636737823486, -0.3546939492225647, -0.0770046518136632, 1707435802086495561, 
0.03677070140838623, -0.24200576543807983, -0.06714001167961481, 1707435802096600873, 
0.10179877281188965, 0.8795502781867981, -0.08531599592213418, 1707435802105491191, 
-0.4227471947669983, -0.5843297839164734, -0.05581731333284291, 1707435802117731237, 
-0.24457287788391113, -0.07675987482070923, -0.08259457678599319, 1707435802125540244, 
0.08260130882263184, -0.5345908403396606, -0.054602711613131516, 1707435802136674630, 
0.23327863216400146, 1.3101247549057007, -0.04115815184176588, 1707435802149267259, 
-0.35782283544540405, -0.6311561465263367, -0.09533871650788965, 1707435802156677241, 
-0.02033233642578125, -0.14513325691223145, -0.07177106179318432, 1707435802166609055, 
0.22488278150558472, 0.6856874227523804, -0.06863340077554825, 1707435802176540442, 
-0.18318241834640503, -0.31697332859039307, -0.08308290620998464, 1707435802186562048, 
0.3994848132133484, 0.4867329001426697, -0.07519209761627674, 1707435802197137485, 
-0.30016857385635376, -0.6713874340057373, -0.08460131468112754, 1707435802206469691, 
0.08087766170501709, -0.5487668514251709, -0.06803403668684554, 1707435802215570821, 
0.029778897762298584, 0.9162416458129883, -0.0402863510614498, 1707435802236495998, 
0.3612573742866516, 0.14493179321289062, -0.057001200803289465, 1707435802246507323, 
0.2601657509803772, 0.03201800584793091, -0.05998170241550936, 1707435802256461322, 
0.22363078594207764, -0.03727084398269653, -0.06469252683940314, 1707435802266438079, 
-0.16512572765350342, 0.4321669340133667, -0.05123621911962526, 1707435802278002117, 
-0.12054234743118286, -0.8220754265785217, -0.0819657749903474, 1707435802286471879, 
-0.2539966106414795, -0.0697181224822998, -0.07069913062383906, 1707435802296508672, 
0.22978252172470093, 0.5979156494140625, -0.05416726328230762, 1707435802308807792, 
0.3313918113708496, -0.25995922088623047, -0.09590342894104563, 1707435802316646755, 
-0.31006932258605957, -0.11898148059844971, -0.07049329707558333, 1707435802326482099, 
0.027653992176055908, -0.1712678074836731, -0.062156010905181025, 1707435802336455646, 
-0.36465829610824585, 0.23039478063583374, -0.05889776756964786, 1707435802346434271, 
-0.07929134368896484, 0.6223287582397461, -0.05323921850905009, 1707435802357657930, 
0.05062144994735718, -0.44612443447113037, -0.08321854792160026, 1707435802366422606, 
0.08621203899383545, -0.2359999418258667, -0.07514404625893624, 1707435802376480098, 
0.6933661699295044, 0.16913747787475586, -0.06467781227096767, 1707435802387944166, 
-0.1698446273803711, 0.039374589920043945, -0.10358887412066826, 1707435802395502584, 
-0.059350550174713135, -0.11872667074203491, -0.06908646279728628, 1707435802406494840, 
-0.5481882095336914, -0.23746991157531738, -0.0849715774157106, 1707435802415496140, 
-0.20687395334243774, 0.2353615164756775, -0.07205462743753607, 1707435802426476039, 
0.10132962465286255, 0.5541727542877197, -0.08025649230185466, 1707435802436855411, 
0.01912832260131836, 0.09283393621444702, -0.09347345748540524, 1707435802446487004, 
0.35805636644363403, -0.22913098335266113, -0.07800766824416336, 1707435802456523418, 
-0.08672910928726196, -0.28240346908569336, -0.050383319607909136, 1707435802468999363, 
0.2721831798553467, -0.07867395877838135, -0.07820629455563541, 1707435802476513979, 
-0.3401951193809509, 0.014012038707733154, -0.06221263347042588, 1707435802486482062, 
-0.25559407472610474, 0.1655181646347046, -0.0782498821598513, 1707435802496519790, 
0.24937117099761963, -0.05769926309585571, -0.09775667415381092, 1707435802506459222, 
0.2115635871887207, 0.29502832889556885, -0.08693558456040572, 1707435802518368272, 
0.3852938413619995, 0.15334439277648926, -0.12144274749029711, 1707435802526501881, 
-0.32015806436538696, -0.3131901025772095, -0.08414849037712718, 1707435802536461654, 
-0.06456243991851807, 0.04469496011734009, -0.05162090396614765, 1707435802548957339, 
0.002247750759124756, -0.18345409631729126, -0.06805264747334981, 1707435802556462324, 
0.26305508613586426, -0.2717587947845459, -0.04463393729601954, 1707435802566472869, 
0.19240105152130127, 0.2371726632118225, -0.05319261677815453, 1707435802576492983, 
0.020985066890716553, -0.39906495809555054, -0.06529132079187469, 1707435802586477243, 
0.364101767539978, 0.4023215174674988, -0.06720676477459188, 1707435802597791216, 
-0.39574283361434937, 0.528688907623291, -0.110472528401803, 1707435802606465840, 
-0.4292476177215576, -0.012565851211547852, -0.11014615736714552, 1707435802615517307, 
-0.27092283964157104, -0.2388533353805542, -0.07455829886579461, 1707435802636511094, 
0.49638044834136963, 0.5876431465148926, -0.04303614278116049, 1707435802646519364, 
0.028551995754241943, 0.9705292582511902, -0.055637249000298344, 1707435802656482511, 
0.08718514442443848, -0.855782687664032, -0.0657715090521517, 1707435802666479839, 
-0.4080128073692322, 0.005364060401916504, -0.05639690415823767, 1707435802677004047, 
-0.23427200317382812, -0.06308728456497192, -0.06317780587222918, 1707435802686483948, 
0.1306823492050171, 0.9155091047286987, -0.06483737582296402, 1707435802696518713, 
0.07908064126968384, 0.7209851741790771, -0.06707906143591129, 1707435802708907173, 
0.24562299251556396, -1.4028058052062988, -0.10632651072623962, 1707435802716477605, 
-0.18604475259780884, -0.09107065200805664, -0.05641505447555561, 1707435802726505191, 
-0.13261693716049194, 0.24093866348266602, -0.05403610637351345, 1707435802736492122, 
-0.31665700674057007, -0.06702089309692383, -0.057381236692394984, 1707435802746441227, 
0.1809949278831482, 0.13404834270477295, -0.06619480574069152, 1707435802757718274, 
0.028117477893829346, -0.9603226184844971, -0.09345965637313194, 1707435802766442874, 
0.4285055994987488, 0.6603364944458008, -0.06834069948718069, 1707435802776511750, 
0.5257298946380615, 0.8939340114593506, -0.06118796846997975, 1707435802788898019, 
-0.2903958559036255, -0.5298407673835754, -0.08735894534400598, 1707435802796477874, 
-0.11338305473327637, -0.30002331733703613, -0.047046556052227295, 1707435802806486478, 
-0.7454138398170471, -0.547014057636261, -0.04273612521917726, 1707435802816480554, 
-0.08275872468948364, 0.8182687163352966, -0.03786147097146748, 1707435802826475096, 
0.3798108696937561, 0.8866704106330872, -0.054378651584915304, 1707435802837608770, 
0.31135886907577515, -0.9016135334968567, -0.0974300812661199, 1707435802846475501, 
0.2109927535057068, -0.25071150064468384, -0.08686655558232978, 1707435802855520380, 
-0.46929997205734253, 0.3241938352584839, -0.0529628701444216, 1707435802868956931, 
-0.14797621965408325, 0.35663342475891113, -0.09031660878459284, 1707435802876529200, 
-0.38099151849746704, 0.35692083835601807, -0.06768385098653973, 1707435802886517578, 
0.08539807796478271, -1.0445164442062378, -0.05425935909770763, 1707435802896507257, 
0.44111543893814087, -0.11511003971099854, -0.032990346977385614, 1707435802906486380, 
0.3057222366333008, 0.46120578050613403, -0.040075795630772175, 1707435802917813257, 
0.08096486330032349, -0.11387354135513306, -0.0823590999465259, 1707435802926506869, 
-0.2765164375305176, 0.28779488801956177, -0.09367422870922752, 1707435802936487800, 
-0.10369068384170532, -0.34365302324295044, -0.09094568046212889, 1707435802947937255, 
-0.17447543144226074, 0.26916182041168213, -0.11712036304685777, 1707435802956495510, 
0.2564758062362671, 0.5712310075759888, -0.09406846780635653, 1707435802966521989, 
0.2654765844345093, -0.7282412052154541, -0.07476178373487245, 1707435802976499585, 
-0.08275580406188965, -0.012485027313232422, -0.054548574015387194, 1707435802986473650, 
-0.1008443832397461, 0.03608405590057373, -0.045349368954072496, 1707435802997775571, 
-0.44916027784347534, -0.12486135959625244, -0.059597389274072474, 1707435803006463485, 
0.13771450519561768, 0.35303443670272827, -0.06846881349610563, 1707435803016664094, 
-0.18741464614868164, -0.08332705497741699, -0.0970291722561861, 1707435803036494738, 
0.508043646812439, 0.0851176381111145, -0.0972438329801749, 1707435803046544122, 
-0.13556641340255737, -0.5525339245796204, -0.07142855835808525, 1707435803056487561, 
0.16028565168380737, 0.1281002163887024, -0.05914404041061824, 1707435803066499386, 
-0.48730164766311646, 0.07169955968856812, -0.060310655996161824, 1707435803076776176, 
-0.05958223342895508, -0.023700296878814697, -0.05986148450700065, 1707435803086503242, 
-0.036905884742736816, -0.28753888607025146, -0.0605443028182153, 1707435803096548056, 
-0.48219311237335205, -0.15335267782211304, -0.04856864987458375, 1707435803108958025, 
0.22753459215164185, 0.6957752108573914, -0.08595793115064176, 1707435803116514944, 
-0.18234270811080933, 0.42208582162857056, -0.08289473434200596, 1707435803126528728, 
0.20297950506210327, -0.7816506624221802, -0.07298311176590502, 1707435803136524268, 
0.36768901348114014, -0.5084598660469055, -0.04876387459129122, 1707435803146471439, 
0.057481348514556885, 0.3599916100502014, -0.03699486103481198, 1707435803158185252, 
-0.16343075037002563, 0.3818455934524536, -0.05929121951923718, 1707435803166490206, 
-0.2778642177581787, 0.17976337671279907, -0.059508281607585936, 1707435803176547270, 
-0.27131205797195435, -0.49648517370224, -0.04862980866308709, 1707435803188952293, 
-0.04598313570022583, 0.04338961839675903, -0.080194585049797, 1707435803196534781, 
0.17355382442474365, 0.9051169753074646, -0.08161372286969747, 1707435803206529942, 
0.0023137927055358887, -0.11574023962020874, -0.09124075444344737, 1707435803216469979, 
0.4629339575767517, -0.426708459854126, -0.08676817330073588, 1707435803226502994, 
0.09040945768356323, -0.25646698474884033, -0.06379534218629415, 1707435803237737130, 
-0.21334469318389893, -0.22479915618896484, -0.056485248426492086, 1707435803246457841, 
-0.24960696697235107, 0.5436452031135559, -0.05370830724642289, 1707435803256508074, 
0.06782817840576172, -0.49407684803009033, -0.056800809255965624, 1707435803276528904, 
-0.16923707723617554, 0.7837421894073486, -0.0779354530006003, 1707435803286699186, 
0.22848516702651978, 0.04576444625854492, -0.10789026260814054, 1707435803295549584, 
0.24311161041259766, 0.22285008430480957, -0.0969567243004026, 1707435803306506904, 
0.11234921216964722, -0.23118895292282104, -0.10820811388540587, 1707435803316738143, 
-0.009647548198699951, -0.5737398862838745, -0.09167177570209441, 1707435803326541129, 
-0.4439947009086609, 0.4150378704071045, -0.08138574558165552, 1707435803336533935, 
-0.12070286273956299, -0.2366398572921753, -0.0616396047335772, 1707435803349007064, 
-0.11144614219665527, 0.12535154819488525, -0.08717622772130496, 1707435803356526821, 
0.6308724880218506, 0.6685420274734497, -0.06284949484062385, 1707435803366527122, 
0.20752108097076416, -0.6009165644645691, -0.0483893744841966, 1707435803376543904, 
-0.05613678693771362, 0.34314852952957153, -0.04485145077426764, 1707435803386528481, 
-0.2750992178916931, 0.05077195167541504, -0.039502210659756974, 1707435803398252454, 
-0.19301837682724, -0.37355905771255493, -0.05020444752151704, 1707435803406511063, 
0.4476383924484253, 0.5592002272605896, -0.05465307088163884, 1707435803416535480, 
-0.0673990249633789, -0.515622615814209, -0.05549508582292512, 1707435803436615977, 
0.09558051824569702, 0.36059021949768066, -0.07054818651455161, 1707435803446539036, 
-0.381219744682312, -0.5902541875839233, -0.06985313649968125, 1707435803455563769, 
-0.37876009941101074, 0.38230717182159424, -0.0572054831266812, 1707435803466552843, 
-0.3362090587615967, -0.4865952730178833, -0.052537661692169724, 1707435803478175313, 
0.7355939149856567, 0.5491108298301697, -0.07227926383218543, 1707435803486759299, 
0.45657920837402344, -0.7057446241378784, -0.07469599950073308, 1707435803496730690, 
0.047949910163879395, 0.11973816156387329, -0.0525627081073111, 1707435803508984397, 
-0.4114663600921631, 0.20081377029418945, -0.07378626257616916, 1707435803516667717, 
-0.9034550786018372, 0.07840085029602051, -0.05859396272058051, 1707435803526694064, 
-0.45584988594055176, 0.42288458347320557, -0.06425253351282476, 1707435803535551579, 
-0.25357455015182495, -0.7929370403289795, -0.05660714525621346, 1707435803546498840, 
0.7066770195960999, 0.25470250844955444, -0.051749589606348644, 1707435803558057647, 
0.9516651630401611, 0.6844136118888855, -0.0767362412381553, 1707435803566511913, 
-0.3763757348060608, -0.42303210496902466, -0.08234903954285942, 1707435803576557603, 
0.20043504238128662, 0.36460745334625244, -0.06894485016020203, 1707435803589049212, 
-0.5277963280677795, -0.5354939699172974, -0.12297188870611359, 1707435803596529901, 
-0.36994385719299316, 0.061425864696502686, -0.08860074157101919, 1707435803606540669, 
0.07892799377441406, 0.8010658025741577, -0.08242395803866256, 1707435803616696464, 
-0.49055296182632446, -0.7950580716133118, -0.0894865952820097, 1707435803626503237, 
0.8232989311218262, -0.37742453813552856, -0.06724098731193774, 1707435803636871520, 
0.3195086121559143, 0.05237072706222534, -0.05653020437001872, 1707435803646483823, 
0.1322813630104065, 0.37740468978881836, -0.05325150820530189, 1707435803656526226, 
-0.11958581209182739, 0.7683358192443848, -0.05202696776203441, 1707435803668970457, 
-0.678503692150116, -0.8626380562782288, -0.11260199180787532, 1707435803676512131, 
0.40663808584213257, -0.24173539876937866, -0.08169582150177508, 1707435803686506210, 
0.360292911529541, 0.6375548839569092, -0.08630199407933041, 1707435803696524153, 
0.21590089797973633, -0.04017287492752075, -0.10287799172795763, 1707435803706501985, 
-0.011867284774780273, 0.09647756814956665, -0.09070472345812579, 1707435803717842122, 
-0.525924563407898, -0.463817834854126, -0.12193056296389614, 1707435803726555602, 
-0.09034454822540283, -0.051719605922698975, -0.09347777643037382, 1707435803736792007, 
-0.2819811701774597, 0.6189978122711182, -0.06946902925299601, 1707435803748997425, 
0.31375348567962646, -0.34299296140670776, -0.11237543784991001, 1707435803756532090, 
0.18458247184753418, -0.47007834911346436, -0.061743880784349184, 1707435803766534527, 
0.014737427234649658, 0.14368927478790283, -0.04408812420888807, 1707435803776576554, 
-0.4887670874595642, 0.00326615571975708, -0.04129140958638728, 1707435803786537395, 
-0.4147873520851135, 0.024438202381134033, -0.028711527558322205, 1707435803798408302, 
-0.19430279731750488, -0.13591474294662476, -0.05296695788898046, 1707435803806519912, 
0.10918128490447998, 0.16048628091812134, -0.051736701591930126, 1707435803816660639, 
0.9923301339149475, 0.659358024597168, -0.06497196120389119, 1707435803836824103, 
-0.23895472288131714, -0.09858852624893188, -0.07106966470094815, 1707435803846602340, 
-0.38136786222457886, -0.2478255033493042, -0.0694565013636391, 1707435803856537042, 
-0.7630378007888794, 0.13882559537887573, -0.07997804411901893, 1707435803866477412, 
0.5301544070243835, 0.34180504083633423, -0.07763894965992245, 1707435803877730648, 
0.30393630266189575, -0.28796499967575073, -0.12213947788829047, 1707435803886498065, 
0.25314784049987793, -0.9362487196922302, -0.11073038036185479, 1707435803896525838, 
-0.07177090644836426, 0.21966880559921265, -0.07685173882469047, 1707435803908981704, 
0.04645055532455444, 0.3848602771759033, -0.11549259153951473, 1707435803916495715, 
-0.18452590703964233, -0.08571863174438477, -0.08096309582554177, 1707435803926560511, 
-0.5333332419395447, 0.23315644264221191, -0.08253176060611371, 1707435803936522607, 
0.18868166208267212, -0.09641051292419434, -0.08010265752263217, 1707435803946507518, 
0.22255128622055054, 0.40275073051452637, -0.0585734248747998, 1707435803958373948, 
0.6439993381500244, 0.2650396227836609, -0.08878218669619363, 1707435803966526747, 
-0.13876420259475708, -1.0495150089263916, -0.07481893910324967, 1707435803975578365, 
-0.34764885902404785, -0.12768131494522095, -0.04042715079207535, 1707435803989062467, 
-0.1701056957244873, 0.08412432670593262, -0.07694286538811126, 1707435803996562384, 
-0.06880062818527222, 0.267595112323761, -0.059776043145586065, 1707435804006560936, 
0.5762705206871033, 0.435228168964386, -0.07215456091964871, 1707435804016540677, 
0.005595505237579346, -0.742821216583252, -0.07875477826534959, 1707435804026570298, 
0.12776702642440796, 0.5445399880409241, -0.06732911930982478, 1707435804037831871, 
-0.3322247862815857, 0.2987339496612549, -0.10249964219585565, 1707435804046524793, 
-0.38884395360946655, -0.7280978560447693, -0.08406408906272342, 1707435804056798687, 
0.18129539489746094, 0.3783918023109436, -0.07353941181624847, 1707435804067948456, 
-0.057141661643981934, -0.5059889554977417, -0.10179303973656105, 1707435804076589209, 
0.3943374752998352, 0.5472407341003418, -0.08639080973844927, 1707435804086539649, 
0.13089489936828613, 0.10308915376663208, -0.09304473263328432, 1707435804096538285, 
-0.03773820400238037, -0.9476361870765686, -0.09090515263733086, 1707435804106497066, 
-0.3916882276535034, 0.9219995141029358, -0.0716304247347425, 1707435804118223989, 
-0.6934850811958313, 0.16142785549163818, -0.10657664308634078, 1707435804126536822, 
0.05285942554473877, -0.5433478951454163, -0.07840469381717276, 1707435804136777950, 
0.16328799724578857, -0.41543179750442505, -0.06091919228908497, 1707435804148993260, 
0.6373692154884338, -0.7277135252952576, -0.09506521711521572, 1707435804156518165, 
0.34130483865737915, 1.3601634502410889, -0.08005974682002522, 1707435804166558377, 
-0.1534940004348755, 0.41975146532058716, -0.11182407952175868, 1707435804176571468, 
0.011784851551055908, -0.7007932066917419, -0.1164685042455068, 1707435804186542278, 
-0.034106314182281494, 0.26966577768325806, -0.09774913803386355, 1707435804197768132, 
-0.27357691526412964, -0.2983829379081726, -0.1266978018760836, 1707435804206593908, 
-0.21775144338607788, 0.7920579314231873, -0.12354333866644435, 1707435804215591723, 
0.06116688251495361, 0.23861050605773926, -0.10680361745962877, 1707435804236577078, 
0.1714652180671692, 0.2104143500328064, -0.08597852173816589, 1707435804246577299, 
-0.14420384168624878, 0.01928609609603882, -0.08642820019505662, 1707435804256528088, 
0.049674808979034424, 0.1250123381614685, -0.07925890655072013, 1707435804266511690, 
0.2997819781303406, 0.08279091119766235, -0.07117313008903768, 1707435804278080723, 
-0.14294135570526123, -0.6297710537910461, -0.08799572816371204, 1707435804286535097, 
0.13533705472946167, 0.4078523516654968, -0.06025063876448694, 1707435804296584874, 
-0.4697437882423401, 0.2743755578994751, -0.059288944071136856, 1707435804309028900, 
-0.15354925394058228, -0.426119863986969, -0.10366352443970761, 1707435804316501272, 
-0.13406938314437866, 0.21162360906600952, -0.0812895257136443, 1707435804326543446, 
0.09360021352767944, -0.09261476993560791, -0.09105685543654994, 1707435804336512944, 
0.3333561420440674, 0.2657597064971924, -0.0897827749919589, 1707435804346512678, 
0.13892751932144165, 0.33055776357650757, -0.08466097762163635, 1707435804358201212, 
0.001765131950378418, -0.5031207203865051, -0.11875272735052253, 1707435804366496444, 
-0.40893590450286865, -0.46186351776123047, -0.08670425391725138, 1707435804376568854, 
-0.3368687629699707, -0.1375882625579834, -0.06877714430603918, 1707435804389018754, 
-0.45966100692749023, 0.02680039405822754, -0.10349794076745114, 1707435804396576226, 
0.13031959533691406, 0.4823041558265686, -0.07516741062528978, 1707435804406561321, 
0.4610103368759155, -0.20228791236877441, -0.0718364323949849, 1707435804416567129, 
-0.04997986555099487, -0.11325609683990479, -0.061966560823457036, 1707435804426574127, 
0.7004358768463135, 0.39745044708251953, -0.06007924518303055, 1707435804438532798, 
-0.5636605620384216, 0.28228676319122314, -0.10625814335642385, 1707435804446544483, 
-0.7739378809928894, 0.29395294189453125, -0.08965569445515341, 1707435804456562559, 
0.38404208421707153, 0.2188330888748169, -0.07542575725289856, 1707435804469057204, 
-0.0047716498374938965, -0.5770812630653381, -0.10200615405879303, 1707435804476607820, 
1.0005669593811035, -0.021047890186309814, -0.06416373140849661, 1707435804486549993, 
0.6439746022224426, -0.0038183927536010742, -0.06376187587133925, 1707435804496580208, 
-0.41644829511642456, -0.32082289457321167, -0.05374069650692339, 1707435804506528989, 
-0.1588534712791443, 0.10219401121139526, -0.04648279528562068, 1707435804518146850, 
-0.42747771739959717, -0.36778730154037476, -0.06387772224177668, 1707435804526578390, 
-0.1896229386329651, 0.5283918380737305, -0.05609188552975963, 1707435804536533672, 
0.043043673038482666, 0.5157512426376343, -0.06083234209747889, 1707435804549029392, 
0.09475988149642944, -0.7804551124572754, -0.104702195223649, 1707435804556504456, 
0.36431580781936646, 0.11888676881790161, -0.07589725811178936, 1707435804566565927, 
-0.014839887619018555, -0.16425079107284546, -0.07664196523937791, 1707435804576553485, 
-0.505459189414978, -0.14539474248886108, -0.07214185761621483, 1707435804586785528, 
-0.5557758808135986, 0.5911090970039368, -0.08316934366401584, 1707435804597769366, 
0.28765320777893066, -0.7297360897064209, -0.1176699196509832, 1707435804606525955, 
0.35055798292160034, 0.8562123775482178, -0.10862234602940522, 1707435804616565579, 
-0.3499019145965576, -0.46128183603286743, -0.10570380270349952, 1707435804635868871, 
-0.21956682205200195, -0.4288221001625061, -0.07042165126088491, 1707435804646625111, 
0.24002468585968018, -0.985037624835968, -0.06181527074792522, 1707435804656559513, 
-0.12552541494369507, 0.5075069665908813, -0.05785385484044743, 1707435804666538879, 
-0.005846679210662842, 0.750342607498169, -0.07187024838642078, 1707435804677909194, 
-0.5582661628723145, -1.02329683303833, -0.1006175176872735, 1707435804686555239, 
0.4668899178504944, 0.3062593340873718, -0.09600816434618578, 1707435804696564087, 
0.24530678987503052, 0.3824252486228943, -0.08603462914510433, 1707435804709103835, 
0.06976896524429321, 0.44837892055511475, -0.1583592679518662, 1707435804715647387, 
-0.18879234790802002, 0.4030279517173767, -0.092666604767973, 1707435804726592989, 
-0.5117350816726685, -1.4282023906707764, -0.081311638281536, 1707435804736571176, 
0.2456151247024536, 0.4836445450782776, -0.07165181631864607, 1707435804746542253, 
-0.30193495750427246, 0.5614718198776245, -0.0674247050332189, 1707435804758261754, 
0.4885667562484741, -0.4414256811141968, -0.0940290755325643, 1707435804766610322, 
-0.14801651239395142, -0.003340423107147217, -0.08264958234718078, 1707435804776626680, 
-0.27595359086990356, -0.7262082695960999, -0.07215823158851521, 1707435804787876488, 
0.26576685905456543, 0.7087951302528381, -0.1071480282498988, 1707435804796632139, 
0.13192075490951538, 0.6360095143318176, -0.11933846226835437, 1707435804805657537, 
-0.23577666282653809, -0.13113778829574585, -0.0733169040234677, 1707435804816924015, 
-0.030171453952789307, -0.033244788646698, -0.06462331602085498, 1707435804826759080, 
-0.31654298305511475, 0.20873874425888062, -0.050735013126979756, 1707435804837801406, 
0.011330783367156982, 0.3598882555961609, -0.060710068935149304, 1707435804846597122, 
-0.3710116744041443, -0.5378484129905701, -0.0778249478611579, 1707435804855639731, 
0.20679402351379395, 0.2961761951446533, -0.059156545277095525, 1707435804868055791, 
0.73473060131073, 0.41807377338409424, -0.08944388633126639, 1707435804876625186, 
0.20544540882110596, -0.24423420429229736, -0.08280168221242219, 1707435804886594883, 
0.06229621171951294, -0.2565799355506897, -0.06685237827148013, 1707435804896576857, 
-0.7638570070266724, -0.6858955025672913, -0.0578308023484921, 1707435804906561750, 
-0.23866689205169678, 0.4039101004600525, -0.043637107717151236, 1707435804917947679, 
-0.09710156917572021, 0.8988980650901794, -0.056639457559513405, 1707435804926581933, 
0.1478198766708374, -0.4378027319908142, -0.06532580207461106, 1707435804936586346, 
0.49251997470855713, -0.27831560373306274, -0.05878412318200492, 1707435804948097576, 
-0.38205766677856445, 0.2591012716293335, -0.07938149982874623, 1707435804956709104, 
-0.15013235807418823, 0.5473935604095459, -0.07766216266019597, 1707435804966553784, 
-0.41270601749420166, 0.0619010329246521, -0.08218985022966899, 1707435804976616681, 
-0.012592911720275879, -0.7285547852516174, -0.08537054210891383, 1707435804986783555, 
0.3901345729827881, -0.2776486277580261, -0.06761679090323965, 1707435804998202628, 
0.2414291501045227, 0.5315362811088562, -0.08653495539555091, 1707435805006526650, 
0.3821941018104553, 0.18645966053009033, -0.09246691057005754, 1707435805015670059, 
-0.3498361110687256, -0.30923283100128174, -0.08846292720749194, 1707435805036562491, 
-0.3145231604576111, 0.14145177602767944, -0.09097136675341909, 1707435805046636616, 
0.23966896533966064, 0.24825400114059448, -0.08717318592897087, 1707435805056537842, 
0.5237559080123901, -0.0033197402954101562, -0.08208401796938278, 1707435805066559337, 
0.62041175365448, -0.49640941619873047, -0.05263055863641014, 1707435805078578221, 
0.12941527366638184, 0.3734736442565918, -0.05730430140446475, 1707435805086574852, 
-0.04720723628997803, -0.2944381833076477, -0.050855543979969484, 1707435805096581676, 
-0.23132729530334473, -0.3060418367385864, -0.04489535183139526, 1707435805109020074, 
-0.6258567571640015, 0.9163340330123901, -0.089038055331207, 1707435805116783151, 
-0.3910423517227173, 0.32494884729385376, -0.08643112067556555, 1707435805126603343, 
-0.22044050693511963, 0.11812669038772583, -0.088714520775592, 1707435805136615162, 
0.2578918933868408, -1.1399102210998535, -0.08924786029156379, 1707435805146560959, 
0.6503898501396179, -0.5172579288482666, -0.061947973105302076, 1707435805158170893, 
0.3662281036376953, 1.235626220703125, -0.07506877964062299, 1707435805166572349, 
0.10512113571166992, -0.2376333475112915, -0.08069862752833136, 1707435805176600306, 
-0.6577662229537964, -0.49983036518096924, -0.06854032700244102, 1707435805189023483, 
-0.6671665906906128, -0.5221952795982361, -0.10856742902415313, 1707435805196562242, 
-0.22364658117294312, 0.1526694893836975, -0.07981290264733303, 1707435805206587542, 
0.3205568790435791, 1.4482392072677612, -0.08933380247551022, 1707435805216535189, 
0.6115158796310425, -0.8122421503067017, -0.10668675364513734, 1707435805226572612, 
0.1455044150352478, -0.7407301664352417, -0.08333575471406593, 1707435805237843934, 
-0.3181518316268921, 0.5672425627708435, -0.08483810690004913, 1707435805246547333, 
-0.22129398584365845, 0.07902991771697998, -0.06571727105574678, 1707435805256568957, 
-0.2731490731239319, 0.7768108248710632, -0.05156096260046307, 1707435805269108649, 
-0.41808652877807617, -0.8899346590042114, -0.09526791406145446, 1707435805276604521, 
0.3844354748725891, -0.49970197677612305, -0.06256987745323613, 1707435805286616569, 
0.59568190574646, 1.068735957145691, -0.07087551438398225, 1707435805296615114, 
0.03321564197540283, -0.3620072603225708, -0.09204839120291074, 1707435805306598240, 
0.12995117902755737, 0.10762536525726318, -0.08177446122348274, 1707435805318176466, 
-0.5496911406517029, -0.38470643758773804, -0.11591488385318435, 1707435805326614308, 
-0.3070904016494751, -0.4710845351219177, -0.08070899606138929, 1707435805336604892, 
0.2810559868812561, 0.8805729746818542, -0.06514299563775203, 1707435805348058180, 
0.24615442752838135, -0.430228590965271, -0.0986277746500416, 1707435805356594020, 
0.3505113124847412, -0.09771603345870972, -0.06793994831160648, 1707435805366648935, 
-0.17912226915359497, 0.2888227701187134, -0.06746370346780144, 1707435805376627887, 
-0.15958237648010254, -0.05902528762817383, -0.07144356423608433, 1707435805386798677, 
-0.1392192840576172, 0.7746849656105042, -0.06125111339867018, 1707435805398291250, 
0.35762935876846313, -0.29075682163238525, -0.0887697469690984, 1707435805406572433, 
0.11599409580230713, -0.41280877590179443, -0.05472595608151666, 1707435805416591135, 
-0.28815966844558716, -0.30810117721557617, -0.045083247794080725, 1707435805436590483, 
-0.28815966844558716, -0.30810117721557617, -0.057521364365125865, 1707435805446601352, 
0.035675048828125, 0.16624635457992554, -0.07860882959075792, 1707435805456564081, 
-0.3260977268218994, -0.39016348123550415, -0.0869206085349975, 1707435805466614241, 
0.25882190465927124, 0.013806819915771484, -0.0719940687208803, 1707435805477944931, 
-0.16104096174240112, -0.4507935643196106, -0.08692616672271253, 1707435805486735493, 
0.2585684061050415, 0.39642244577407837, -0.07122191328536534, 1707435805496809642, 
-0.3242110013961792, -0.4306343197822571, -0.08230852385320725, 1707435805516654133, 
0.07312053442001343, 0.2775564193725586, -0.10054512548709774, 1707435805536589251, 
0.4942563772201538, 0.023305654525756836, -0.1111547171049082, 1707435805546618628, 
-0.3123033046722412, -0.5014211535453796, -0.09366192210285036, 1707435805557953714, 
-0.12580156326293945, -0.30142539739608765, -0.10502727583223004, 1707435805566598723, 
0.29050904512405396, 0.34742820262908936, -0.08622197806439777, 1707435805576815552, 
0.0022466182708740234, 0.21052050590515137, -0.07950629513832447, 1707435805589111848, 
0.20907211303710938, -0.18774491548538208, -0.13393418511873792, 1707435805596614578, 
